p cnf 144 1696
 19 -82 0
 -19 82 0
 18 -81 0
 -18 81 0
 17 -80 0
 -17 80 0
 16 -79 0
 -16 79 0
 15 -78 0
 -15 78 0
 14 -77 0
 -14 77 0
 13 -76 0
 -13 76 0
 12 -75 0
 -12 75 0
 11 -74 0
 -11 74 0
 10 -73 0
 -10 73 0
 37 -64 0
 -37 64 0
 36 -63 0
 -36 63 0
 35 -62 0
 -35 62 0
 34 -61 0
 -34 61 0
 33 -60 0
 -33 60 0
 32 -59 0
 -32 59 0
 31 -58 0
 -31 58 0
 30 -57 0
 -30 57 0
 29 -56 0
 -29 56 0
 28 -55 0
 -28 55 0
 55 -118 0
 -55 118 0
 54 -117 0
 -54 117 0
 53 -116 0
 -53 116 0
 52 -115 0
 -52 115 0
 51 -114 0
 -51 114 0
 50 -113 0
 -50 113 0
 49 -112 0
 -49 112 0
 48 -111 0
 -48 111 0
 47 -110 0
 -47 110 0
 46 -109 0
 -46 109 0
 109 -136 0
 -109 136 0
 108 -135 0
 -108 135 0
 107 -134 0
 -107 134 0
 106 -133 0
 -106 133 0
 105 -132 0
 -105 132 0
 104 -131 0
 -104 131 0
 103 -130 0
 -103 130 0
 102 -129 0
 -102 129 0
 101 -128 0
 -101 128 0
 100 -127 0
 -100 127 0
 109 110 111 112 113 114 115 116 117 0
 -117 -116 0
 -117 -115 0
 -117 -114 0
 -117 -113 0
 -117 -112 0
 -117 -111 0
 -117 -110 0
 -117 -109 0
 -116 -115 0
 -116 -114 0
 -116 -113 0
 -116 -112 0
 -116 -111 0
 -116 -110 0
 -116 -109 0
 -115 -114 0
 -115 -113 0
 -115 -112 0
 -115 -111 0
 -115 -110 0
 -115 -109 0
 -114 -113 0
 -114 -112 0
 -114 -111 0
 -114 -110 0
 -114 -109 0
 -113 -112 0
 -113 -111 0
 -113 -110 0
 -113 -109 0
 -112 -111 0
 -112 -110 0
 -112 -109 0
 -111 -110 0
 -111 -109 0
 -110 -109 0
 118 119 120 121 122 123 124 125 126 0
 -126 -125 0
 -126 -124 0
 -126 -123 0
 -126 -122 0
 -126 -121 0
 -126 -120 0
 -126 -119 0
 -126 -118 0
 -125 -124 0
 -125 -123 0
 -125 -122 0
 -125 -121 0
 -125 -120 0
 -125 -119 0
 -125 -118 0
 -124 -123 0
 -124 -122 0
 -124 -121 0
 -124 -120 0
 -124 -119 0
 -124 -118 0
 -123 -122 0
 -123 -121 0
 -123 -120 0
 -123 -119 0
 -123 -118 0
 -122 -121 0
 -122 -120 0
 -122 -119 0
 -122 -118 0
 -121 -120 0
 -121 -119 0
 -121 -118 0
 -120 -119 0
 -120 -118 0
 -119 -118 0
 127 128 129 130 131 132 133 134 135 0
 -135 -134 0
 -135 -133 0
 -135 -132 0
 -135 -131 0
 -135 -130 0
 -135 -129 0
 -135 -128 0
 -135 -127 0
 -134 -133 0
 -134 -132 0
 -134 -131 0
 -134 -130 0
 -134 -129 0
 -134 -128 0
 -134 -127 0
 -133 -132 0
 -133 -131 0
 -133 -130 0
 -133 -129 0
 -133 -128 0
 -133 -127 0
 -132 -131 0
 -132 -130 0
 -132 -129 0
 -132 -128 0
 -132 -127 0
 -131 -130 0
 -131 -129 0
 -131 -128 0
 -131 -127 0
 -130 -129 0
 -130 -128 0
 -130 -127 0
 -129 -128 0
 -129 -127 0
 -128 -127 0
 136 137 138 139 140 141 142 143 144 0
 -144 -143 0
 -144 -142 0
 -144 -141 0
 -144 -140 0
 -144 -139 0
 -144 -138 0
 -144 -137 0
 -144 -136 0
 -143 -142 0
 -143 -141 0
 -143 -140 0
 -143 -139 0
 -143 -138 0
 -143 -137 0
 -143 -136 0
 -142 -141 0
 -142 -140 0
 -142 -139 0
 -142 -138 0
 -142 -137 0
 -142 -136 0
 -141 -140 0
 -141 -139 0
 -141 -138 0
 -141 -137 0
 -141 -136 0
 -140 -139 0
 -140 -138 0
 -140 -137 0
 -140 -136 0
 -139 -138 0
 -139 -137 0
 -139 -136 0
 -138 -137 0
 -138 -136 0
 -137 -136 0
 73 74 75 76 77 78 79 80 81 0
 -81 -80 0
 -81 -79 0
 -81 -78 0
 -81 -77 0
 -81 -76 0
 -81 -75 0
 -81 -74 0
 -81 -73 0
 -80 -79 0
 -80 -78 0
 -80 -77 0
 -80 -76 0
 -80 -75 0
 -80 -74 0
 -80 -73 0
 -79 -78 0
 -79 -77 0
 -79 -76 0
 -79 -75 0
 -79 -74 0
 -79 -73 0
 -78 -77 0
 -78 -76 0
 -78 -75 0
 -78 -74 0
 -78 -73 0
 -77 -76 0
 -77 -75 0
 -77 -74 0
 -77 -73 0
 -76 -75 0
 -76 -74 0
 -76 -73 0
 -75 -74 0
 -75 -73 0
 -74 -73 0
 82 83 84 85 86 87 88 89 90 0
 -90 -89 0
 -90 -88 0
 -90 -87 0
 -90 -86 0
 -90 -85 0
 -90 -84 0
 -90 -83 0
 -90 -82 0
 -89 -88 0
 -89 -87 0
 -89 -86 0
 -89 -85 0
 -89 -84 0
 -89 -83 0
 -89 -82 0
 -88 -87 0
 -88 -86 0
 -88 -85 0
 -88 -84 0
 -88 -83 0
 -88 -82 0
 -87 -86 0
 -87 -85 0
 -87 -84 0
 -87 -83 0
 -87 -82 0
 -86 -85 0
 -86 -84 0
 -86 -83 0
 -86 -82 0
 -85 -84 0
 -85 -83 0
 -85 -82 0
 -84 -83 0
 -84 -82 0
 -83 -82 0
 91 92 93 94 95 96 97 98 99 0
 -99 -98 0
 -99 -97 0
 -99 -96 0
 -99 -95 0
 -99 -94 0
 -99 -93 0
 -99 -92 0
 -99 -91 0
 -98 -97 0
 -98 -96 0
 -98 -95 0
 -98 -94 0
 -98 -93 0
 -98 -92 0
 -98 -91 0
 -97 -96 0
 -97 -95 0
 -97 -94 0
 -97 -93 0
 -97 -92 0
 -97 -91 0
 -96 -95 0
 -96 -94 0
 -96 -93 0
 -96 -92 0
 -96 -91 0
 -95 -94 0
 -95 -93 0
 -95 -92 0
 -95 -91 0
 -94 -93 0
 -94 -92 0
 -94 -91 0
 -93 -92 0
 -93 -91 0
 -92 -91 0
 100 101 102 103 104 105 106 107 108 0
 -108 -107 0
 -108 -106 0
 -108 -105 0
 -108 -104 0
 -108 -103 0
 -108 -102 0
 -108 -101 0
 -108 -100 0
 -107 -106 0
 -107 -105 0
 -107 -104 0
 -107 -103 0
 -107 -102 0
 -107 -101 0
 -107 -100 0
 -106 -105 0
 -106 -104 0
 -106 -103 0
 -106 -102 0
 -106 -101 0
 -106 -100 0
 -105 -104 0
 -105 -103 0
 -105 -102 0
 -105 -101 0
 -105 -100 0
 -104 -103 0
 -104 -102 0
 -104 -101 0
 -104 -100 0
 -103 -102 0
 -103 -101 0
 -103 -100 0
 -102 -101 0
 -102 -100 0
 -101 -100 0
 37 38 39 40 41 42 43 44 45 0
 -45 -44 0
 -45 -43 0
 -45 -42 0
 -45 -41 0
 -45 -40 0
 -45 -39 0
 -45 -38 0
 -45 -37 0
 -44 -43 0
 -44 -42 0
 -44 -41 0
 -44 -40 0
 -44 -39 0
 -44 -38 0
 -44 -37 0
 -43 -42 0
 -43 -41 0
 -43 -40 0
 -43 -39 0
 -43 -38 0
 -43 -37 0
 -42 -41 0
 -42 -40 0
 -42 -39 0
 -42 -38 0
 -42 -37 0
 -41 -40 0
 -41 -39 0
 -41 -38 0
 -41 -37 0
 -40 -39 0
 -40 -38 0
 -40 -37 0
 -39 -38 0
 -39 -37 0
 -38 -37 0
 46 47 48 49 50 51 52 53 54 0
 -54 -53 0
 -54 -52 0
 -54 -51 0
 -54 -50 0
 -54 -49 0
 -54 -48 0
 -54 -47 0
 -54 -46 0
 -53 -52 0
 -53 -51 0
 -53 -50 0
 -53 -49 0
 -53 -48 0
 -53 -47 0
 -53 -46 0
 -52 -51 0
 -52 -50 0
 -52 -49 0
 -52 -48 0
 -52 -47 0
 -52 -46 0
 -51 -50 0
 -51 -49 0
 -51 -48 0
 -51 -47 0
 -51 -46 0
 -50 -49 0
 -50 -48 0
 -50 -47 0
 -50 -46 0
 -49 -48 0
 -49 -47 0
 -49 -46 0
 -48 -47 0
 -48 -46 0
 -47 -46 0
 55 56 57 58 59 60 61 62 63 0
 -63 -62 0
 -63 -61 0
 -63 -60 0
 -63 -59 0
 -63 -58 0
 -63 -57 0
 -63 -56 0
 -63 -55 0
 -62 -61 0
 -62 -60 0
 -62 -59 0
 -62 -58 0
 -62 -57 0
 -62 -56 0
 -62 -55 0
 -61 -60 0
 -61 -59 0
 -61 -58 0
 -61 -57 0
 -61 -56 0
 -61 -55 0
 -60 -59 0
 -60 -58 0
 -60 -57 0
 -60 -56 0
 -60 -55 0
 -59 -58 0
 -59 -57 0
 -59 -56 0
 -59 -55 0
 -58 -57 0
 -58 -56 0
 -58 -55 0
 -57 -56 0
 -57 -55 0
 -56 -55 0
 64 65 66 67 68 69 70 71 72 0
 -72 -71 0
 -72 -70 0
 -72 -69 0
 -72 -68 0
 -72 -67 0
 -72 -66 0
 -72 -65 0
 -72 -64 0
 -71 -70 0
 -71 -69 0
 -71 -68 0
 -71 -67 0
 -71 -66 0
 -71 -65 0
 -71 -64 0
 -70 -69 0
 -70 -68 0
 -70 -67 0
 -70 -66 0
 -70 -65 0
 -70 -64 0
 -69 -68 0
 -69 -67 0
 -69 -66 0
 -69 -65 0
 -69 -64 0
 -68 -67 0
 -68 -66 0
 -68 -65 0
 -68 -64 0
 -67 -66 0
 -67 -65 0
 -67 -64 0
 -66 -65 0
 -66 -64 0
 -65 -64 0
 1 2 3 4 5 6 7 8 9 0
 -9 -8 0
 -9 -7 0
 -9 -6 0
 -9 -5 0
 -9 -4 0
 -9 -3 0
 -9 -2 0
 -9 -1 0
 -8 -7 0
 -8 -6 0
 -8 -5 0
 -8 -4 0
 -8 -3 0
 -8 -2 0
 -8 -1 0
 -7 -6 0
 -7 -5 0
 -7 -4 0
 -7 -3 0
 -7 -2 0
 -7 -1 0
 -6 -5 0
 -6 -4 0
 -6 -3 0
 -6 -2 0
 -6 -1 0
 -5 -4 0
 -5 -3 0
 -5 -2 0
 -5 -1 0
 -4 -3 0
 -4 -2 0
 -4 -1 0
 -3 -2 0
 -3 -1 0
 -2 -1 0
 10 11 12 13 14 15 16 17 18 0
 -18 -17 0
 -18 -16 0
 -18 -15 0
 -18 -14 0
 -18 -13 0
 -18 -12 0
 -18 -11 0
 -18 -10 0
 -17 -16 0
 -17 -15 0
 -17 -14 0
 -17 -13 0
 -17 -12 0
 -17 -11 0
 -17 -10 0
 -16 -15 0
 -16 -14 0
 -16 -13 0
 -16 -12 0
 -16 -11 0
 -16 -10 0
 -15 -14 0
 -15 -13 0
 -15 -12 0
 -15 -11 0
 -15 -10 0
 -14 -13 0
 -14 -12 0
 -14 -11 0
 -14 -10 0
 -13 -12 0
 -13 -11 0
 -13 -10 0
 -12 -11 0
 -12 -10 0
 -11 -10 0
 19 20 21 22 23 24 25 26 27 0
 -27 -26 0
 -27 -25 0
 -27 -24 0
 -27 -23 0
 -27 -22 0
 -27 -21 0
 -27 -20 0
 -27 -19 0
 -26 -25 0
 -26 -24 0
 -26 -23 0
 -26 -22 0
 -26 -21 0
 -26 -20 0
 -26 -19 0
 -25 -24 0
 -25 -23 0
 -25 -22 0
 -25 -21 0
 -25 -20 0
 -25 -19 0
 -24 -23 0
 -24 -22 0
 -24 -21 0
 -24 -20 0
 -24 -19 0
 -23 -22 0
 -23 -21 0
 -23 -20 0
 -23 -19 0
 -22 -21 0
 -22 -20 0
 -22 -19 0
 -21 -20 0
 -21 -19 0
 -20 -19 0
 28 29 30 31 32 33 34 35 36 0
 -36 -35 0
 -36 -34 0
 -36 -33 0
 -36 -32 0
 -36 -31 0
 -36 -30 0
 -36 -29 0
 -36 -28 0
 -35 -34 0
 -35 -33 0
 -35 -32 0
 -35 -31 0
 -35 -30 0
 -35 -29 0
 -35 -28 0
 -34 -33 0
 -34 -32 0
 -34 -31 0
 -34 -30 0
 -34 -29 0
 -34 -28 0
 -33 -32 0
 -33 -31 0
 -33 -30 0
 -33 -29 0
 -33 -28 0
 -32 -31 0
 -32 -30 0
 -32 -29 0
 -32 -28 0
 -31 -30 0
 -31 -29 0
 -31 -28 0
 -30 -29 0
 -30 -28 0
 -29 -28 0
 110 74 38 2 0
 118 74 38 2 0
 129 74 38 2 0
 136 74 38 2 0
 110 82 38 2 0
 118 82 38 2 0
 129 82 38 2 0
 136 82 38 2 0
 110 93 38 2 0
 118 93 38 2 0
 129 93 38 2 0
 136 93 38 2 0
 110 100 38 2 0
 118 100 38 2 0
 129 100 38 2 0
 136 100 38 2 0
 110 74 46 2 0
 118 74 46 2 0
 129 74 46 2 0
 136 74 46 2 0
 110 82 46 2 0
 118 82 46 2 0
 129 82 46 2 0
 136 82 46 2 0
 110 93 46 2 0
 118 93 46 2 0
 129 93 46 2 0
 136 93 46 2 0
 110 100 46 2 0
 118 100 46 2 0
 129 100 46 2 0
 136 100 46 2 0
 110 74 57 2 0
 118 74 57 2 0
 129 74 57 2 0
 136 74 57 2 0
 110 82 57 2 0
 118 82 57 2 0
 129 82 57 2 0
 136 82 57 2 0
 110 93 57 2 0
 118 93 57 2 0
 129 93 57 2 0
 136 93 57 2 0
 110 100 57 2 0
 118 100 57 2 0
 129 100 57 2 0
 136 100 57 2 0
 110 74 64 2 0
 118 74 64 2 0
 129 74 64 2 0
 136 74 64 2 0
 110 82 64 2 0
 118 82 64 2 0
 129 82 64 2 0
 136 82 64 2 0
 110 93 64 2 0
 118 93 64 2 0
 129 93 64 2 0
 136 93 64 2 0
 110 100 64 2 0
 118 100 64 2 0
 129 100 64 2 0
 136 100 64 2 0
 110 74 38 10 0
 118 74 38 10 0
 129 74 38 10 0
 136 74 38 10 0
 110 82 38 10 0
 118 82 38 10 0
 129 82 38 10 0
 136 82 38 10 0
 110 93 38 10 0
 118 93 38 10 0
 129 93 38 10 0
 136 93 38 10 0
 110 100 38 10 0
 118 100 38 10 0
 129 100 38 10 0
 136 100 38 10 0
 110 74 46 10 0
 118 74 46 10 0
 129 74 46 10 0
 136 74 46 10 0
 110 82 46 10 0
 118 82 46 10 0
 129 82 46 10 0
 136 82 46 10 0
 110 93 46 10 0
 118 93 46 10 0
 129 93 46 10 0
 136 93 46 10 0
 110 100 46 10 0
 118 100 46 10 0
 129 100 46 10 0
 136 100 46 10 0
 110 74 57 10 0
 118 74 57 10 0
 129 74 57 10 0
 136 74 57 10 0
 110 82 57 10 0
 118 82 57 10 0
 129 82 57 10 0
 136 82 57 10 0
 110 93 57 10 0
 118 93 57 10 0
 129 93 57 10 0
 136 93 57 10 0
 110 100 57 10 0
 118 100 57 10 0
 129 100 57 10 0
 136 100 57 10 0
 110 74 64 10 0
 118 74 64 10 0
 129 74 64 10 0
 136 74 64 10 0
 110 82 64 10 0
 118 82 64 10 0
 129 82 64 10 0
 136 82 64 10 0
 110 93 64 10 0
 118 93 64 10 0
 129 93 64 10 0
 136 93 64 10 0
 110 100 64 10 0
 118 100 64 10 0
 129 100 64 10 0
 136 100 64 10 0
 110 74 38 21 0
 118 74 38 21 0
 129 74 38 21 0
 136 74 38 21 0
 110 82 38 21 0
 118 82 38 21 0
 129 82 38 21 0
 136 82 38 21 0
 110 93 38 21 0
 118 93 38 21 0
 129 93 38 21 0
 136 93 38 21 0
 110 100 38 21 0
 118 100 38 21 0
 129 100 38 21 0
 136 100 38 21 0
 110 74 46 21 0
 118 74 46 21 0
 129 74 46 21 0
 136 74 46 21 0
 110 82 46 21 0
 118 82 46 21 0
 129 82 46 21 0
 136 82 46 21 0
 110 93 46 21 0
 118 93 46 21 0
 129 93 46 21 0
 136 93 46 21 0
 110 100 46 21 0
 118 100 46 21 0
 129 100 46 21 0
 136 100 46 21 0
 110 74 57 21 0
 118 74 57 21 0
 129 74 57 21 0
 136 74 57 21 0
 110 82 57 21 0
 118 82 57 21 0
 129 82 57 21 0
 136 82 57 21 0
 110 93 57 21 0
 118 93 57 21 0
 129 93 57 21 0
 136 93 57 21 0
 110 100 57 21 0
 118 100 57 21 0
 129 100 57 21 0
 136 100 57 21 0
 110 74 64 21 0
 118 74 64 21 0
 129 74 64 21 0
 136 74 64 21 0
 110 82 64 21 0
 118 82 64 21 0
 129 82 64 21 0
 136 82 64 21 0
 110 93 64 21 0
 118 93 64 21 0
 129 93 64 21 0
 136 93 64 21 0
 110 100 64 21 0
 118 100 64 21 0
 129 100 64 21 0
 136 100 64 21 0
 110 74 38 28 0
 118 74 38 28 0
 129 74 38 28 0
 136 74 38 28 0
 110 82 38 28 0
 118 82 38 28 0
 129 82 38 28 0
 136 82 38 28 0
 110 93 38 28 0
 118 93 38 28 0
 129 93 38 28 0
 136 93 38 28 0
 110 100 38 28 0
 118 100 38 28 0
 129 100 38 28 0
 136 100 38 28 0
 110 74 46 28 0
 118 74 46 28 0
 129 74 46 28 0
 136 74 46 28 0
 110 82 46 28 0
 118 82 46 28 0
 129 82 46 28 0
 136 82 46 28 0
 110 93 46 28 0
 118 93 46 28 0
 129 93 46 28 0
 136 93 46 28 0
 110 100 46 28 0
 118 100 46 28 0
 129 100 46 28 0
 136 100 46 28 0
 110 74 57 28 0
 118 74 57 28 0
 129 74 57 28 0
 136 74 57 28 0
 110 82 57 28 0
 118 82 57 28 0
 129 82 57 28 0
 136 82 57 28 0
 110 93 57 28 0
 118 93 57 28 0
 129 93 57 28 0
 136 93 57 28 0
 110 100 57 28 0
 118 100 57 28 0
 129 100 57 28 0
 136 100 57 28 0
 110 74 64 28 0
 118 74 64 28 0
 129 74 64 28 0
 136 74 64 28 0
 110 82 64 28 0
 118 82 64 28 0
 129 82 64 28 0
 136 82 64 28 0
 110 93 64 28 0
 118 93 64 28 0
 129 93 64 28 0
 136 93 64 28 0
 110 100 64 28 0
 118 100 64 28 0
 129 100 64 28 0
 136 100 64 28 0
 110 74 38 2 0
 118 74 38 2 0
 127 74 38 2 0
 137 74 38 2 0
 110 82 38 2 0
 118 82 38 2 0
 127 82 38 2 0
 137 82 38 2 0
 110 91 38 2 0
 118 91 38 2 0
 127 91 38 2 0
 137 91 38 2 0
 110 101 38 2 0
 118 101 38 2 0
 127 101 38 2 0
 137 101 38 2 0
 110 74 46 2 0
 118 74 46 2 0
 127 74 46 2 0
 137 74 46 2 0
 110 82 46 2 0
 118 82 46 2 0
 127 82 46 2 0
 137 82 46 2 0
 110 91 46 2 0
 118 91 46 2 0
 127 91 46 2 0
 137 91 46 2 0
 110 101 46 2 0
 118 101 46 2 0
 127 101 46 2 0
 137 101 46 2 0
 110 74 55 2 0
 118 74 55 2 0
 127 74 55 2 0
 137 74 55 2 0
 110 82 55 2 0
 118 82 55 2 0
 127 82 55 2 0
 137 82 55 2 0
 110 91 55 2 0
 118 91 55 2 0
 127 91 55 2 0
 137 91 55 2 0
 110 101 55 2 0
 118 101 55 2 0
 127 101 55 2 0
 137 101 55 2 0
 110 74 65 2 0
 118 74 65 2 0
 127 74 65 2 0
 137 74 65 2 0
 110 82 65 2 0
 118 82 65 2 0
 127 82 65 2 0
 137 82 65 2 0
 110 91 65 2 0
 118 91 65 2 0
 127 91 65 2 0
 137 91 65 2 0
 110 101 65 2 0
 118 101 65 2 0
 127 101 65 2 0
 137 101 65 2 0
 110 74 38 10 0
 118 74 38 10 0
 127 74 38 10 0
 137 74 38 10 0
 110 82 38 10 0
 118 82 38 10 0
 127 82 38 10 0
 137 82 38 10 0
 110 91 38 10 0
 118 91 38 10 0
 127 91 38 10 0
 137 91 38 10 0
 110 101 38 10 0
 118 101 38 10 0
 127 101 38 10 0
 137 101 38 10 0
 110 74 46 10 0
 118 74 46 10 0
 127 74 46 10 0
 137 74 46 10 0
 110 82 46 10 0
 118 82 46 10 0
 127 82 46 10 0
 137 82 46 10 0
 110 91 46 10 0
 118 91 46 10 0
 127 91 46 10 0
 137 91 46 10 0
 110 101 46 10 0
 118 101 46 10 0
 127 101 46 10 0
 137 101 46 10 0
 110 74 55 10 0
 118 74 55 10 0
 127 74 55 10 0
 137 74 55 10 0
 110 82 55 10 0
 118 82 55 10 0
 127 82 55 10 0
 137 82 55 10 0
 110 91 55 10 0
 118 91 55 10 0
 127 91 55 10 0
 137 91 55 10 0
 110 101 55 10 0
 118 101 55 10 0
 127 101 55 10 0
 137 101 55 10 0
 110 74 65 10 0
 118 74 65 10 0
 127 74 65 10 0
 137 74 65 10 0
 110 82 65 10 0
 118 82 65 10 0
 127 82 65 10 0
 137 82 65 10 0
 110 91 65 10 0
 118 91 65 10 0
 127 91 65 10 0
 137 91 65 10 0
 110 101 65 10 0
 118 101 65 10 0
 127 101 65 10 0
 137 101 65 10 0
 110 74 38 19 0
 118 74 38 19 0
 127 74 38 19 0
 137 74 38 19 0
 110 82 38 19 0
 118 82 38 19 0
 127 82 38 19 0
 137 82 38 19 0
 110 91 38 19 0
 118 91 38 19 0
 127 91 38 19 0
 137 91 38 19 0
 110 101 38 19 0
 118 101 38 19 0
 127 101 38 19 0
 137 101 38 19 0
 110 74 46 19 0
 118 74 46 19 0
 127 74 46 19 0
 137 74 46 19 0
 110 82 46 19 0
 118 82 46 19 0
 127 82 46 19 0
 137 82 46 19 0
 110 91 46 19 0
 118 91 46 19 0
 127 91 46 19 0
 137 91 46 19 0
 110 101 46 19 0
 118 101 46 19 0
 127 101 46 19 0
 137 101 46 19 0
 110 74 55 19 0
 118 74 55 19 0
 127 74 55 19 0
 137 74 55 19 0
 110 82 55 19 0
 118 82 55 19 0
 127 82 55 19 0
 137 82 55 19 0
 110 91 55 19 0
 118 91 55 19 0
 127 91 55 19 0
 137 91 55 19 0
 110 101 55 19 0
 118 101 55 19 0
 127 101 55 19 0
 137 101 55 19 0
 110 74 65 19 0
 118 74 65 19 0
 127 74 65 19 0
 137 74 65 19 0
 110 82 65 19 0
 118 82 65 19 0
 127 82 65 19 0
 137 82 65 19 0
 110 91 65 19 0
 118 91 65 19 0
 127 91 65 19 0
 137 91 65 19 0
 110 101 65 19 0
 118 101 65 19 0
 127 101 65 19 0
 137 101 65 19 0
 110 74 38 29 0
 118 74 38 29 0
 127 74 38 29 0
 137 74 38 29 0
 110 82 38 29 0
 118 82 38 29 0
 127 82 38 29 0
 137 82 38 29 0
 110 91 38 29 0
 118 91 38 29 0
 127 91 38 29 0
 137 91 38 29 0
 110 101 38 29 0
 118 101 38 29 0
 127 101 38 29 0
 137 101 38 29 0
 110 74 46 29 0
 118 74 46 29 0
 127 74 46 29 0
 137 74 46 29 0
 110 82 46 29 0
 118 82 46 29 0
 127 82 46 29 0
 137 82 46 29 0
 110 91 46 29 0
 118 91 46 29 0
 127 91 46 29 0
 137 91 46 29 0
 110 101 46 29 0
 118 101 46 29 0
 127 101 46 29 0
 137 101 46 29 0
 110 74 55 29 0
 118 74 55 29 0
 127 74 55 29 0
 137 74 55 29 0
 110 82 55 29 0
 118 82 55 29 0
 127 82 55 29 0
 137 82 55 29 0
 110 91 55 29 0
 118 91 55 29 0
 127 91 55 29 0
 137 91 55 29 0
 110 101 55 29 0
 118 101 55 29 0
 127 101 55 29 0
 137 101 55 29 0
 110 74 65 29 0
 118 74 65 29 0
 127 74 65 29 0
 137 74 65 29 0
 110 82 65 29 0
 118 82 65 29 0
 127 82 65 29 0
 137 82 65 29 0
 110 91 65 29 0
 118 91 65 29 0
 127 91 65 29 0
 137 91 65 29 0
 110 101 65 29 0
 118 101 65 29 0
 127 101 65 29 0
 137 101 65 29 0
 109 73 37 1 0
 120 73 37 1 0
 129 73 37 1 0
 136 73 37 1 0
 109 84 37 1 0
 120 84 37 1 0
 129 84 37 1 0
 136 84 37 1 0
 109 93 37 1 0
 120 93 37 1 0
 129 93 37 1 0
 136 93 37 1 0
 109 100 37 1 0
 120 100 37 1 0
 129 100 37 1 0
 136 100 37 1 0
 109 73 48 1 0
 120 73 48 1 0
 129 73 48 1 0
 136 73 48 1 0
 109 84 48 1 0
 120 84 48 1 0
 129 84 48 1 0
 136 84 48 1 0
 109 93 48 1 0
 120 93 48 1 0
 129 93 48 1 0
 136 93 48 1 0
 109 100 48 1 0
 120 100 48 1 0
 129 100 48 1 0
 136 100 48 1 0
 109 73 57 1 0
 120 73 57 1 0
 129 73 57 1 0
 136 73 57 1 0
 109 84 57 1 0
 120 84 57 1 0
 129 84 57 1 0
 136 84 57 1 0
 109 93 57 1 0
 120 93 57 1 0
 129 93 57 1 0
 136 93 57 1 0
 109 100 57 1 0
 120 100 57 1 0
 129 100 57 1 0
 136 100 57 1 0
 109 73 64 1 0
 120 73 64 1 0
 129 73 64 1 0
 136 73 64 1 0
 109 84 64 1 0
 120 84 64 1 0
 129 84 64 1 0
 136 84 64 1 0
 109 93 64 1 0
 120 93 64 1 0
 129 93 64 1 0
 136 93 64 1 0
 109 100 64 1 0
 120 100 64 1 0
 129 100 64 1 0
 136 100 64 1 0
 109 73 37 12 0
 120 73 37 12 0
 129 73 37 12 0
 136 73 37 12 0
 109 84 37 12 0
 120 84 37 12 0
 129 84 37 12 0
 136 84 37 12 0
 109 93 37 12 0
 120 93 37 12 0
 129 93 37 12 0
 136 93 37 12 0
 109 100 37 12 0
 120 100 37 12 0
 129 100 37 12 0
 136 100 37 12 0
 109 73 48 12 0
 120 73 48 12 0
 129 73 48 12 0
 136 73 48 12 0
 109 84 48 12 0
 120 84 48 12 0
 129 84 48 12 0
 136 84 48 12 0
 109 93 48 12 0
 120 93 48 12 0
 129 93 48 12 0
 136 93 48 12 0
 109 100 48 12 0
 120 100 48 12 0
 129 100 48 12 0
 136 100 48 12 0
 109 73 57 12 0
 120 73 57 12 0
 129 73 57 12 0
 136 73 57 12 0
 109 84 57 12 0
 120 84 57 12 0
 129 84 57 12 0
 136 84 57 12 0
 109 93 57 12 0
 120 93 57 12 0
 129 93 57 12 0
 136 93 57 12 0
 109 100 57 12 0
 120 100 57 12 0
 129 100 57 12 0
 136 100 57 12 0
 109 73 64 12 0
 120 73 64 12 0
 129 73 64 12 0
 136 73 64 12 0
 109 84 64 12 0
 120 84 64 12 0
 129 84 64 12 0
 136 84 64 12 0
 109 93 64 12 0
 120 93 64 12 0
 129 93 64 12 0
 136 93 64 12 0
 109 100 64 12 0
 120 100 64 12 0
 129 100 64 12 0
 136 100 64 12 0
 109 73 37 21 0
 120 73 37 21 0
 129 73 37 21 0
 136 73 37 21 0
 109 84 37 21 0
 120 84 37 21 0
 129 84 37 21 0
 136 84 37 21 0
 109 93 37 21 0
 120 93 37 21 0
 129 93 37 21 0
 136 93 37 21 0
 109 100 37 21 0
 120 100 37 21 0
 129 100 37 21 0
 136 100 37 21 0
 109 73 48 21 0
 120 73 48 21 0
 129 73 48 21 0
 136 73 48 21 0
 109 84 48 21 0
 120 84 48 21 0
 129 84 48 21 0
 136 84 48 21 0
 109 93 48 21 0
 120 93 48 21 0
 129 93 48 21 0
 136 93 48 21 0
 109 100 48 21 0
 120 100 48 21 0
 129 100 48 21 0
 136 100 48 21 0
 109 73 57 21 0
 120 73 57 21 0
 129 73 57 21 0
 136 73 57 21 0
 109 84 57 21 0
 120 84 57 21 0
 129 84 57 21 0
 136 84 57 21 0
 109 93 57 21 0
 120 93 57 21 0
 129 93 57 21 0
 136 93 57 21 0
 109 100 57 21 0
 120 100 57 21 0
 129 100 57 21 0
 136 100 57 21 0
 109 73 64 21 0
 120 73 64 21 0
 129 73 64 21 0
 136 73 64 21 0
 109 84 64 21 0
 120 84 64 21 0
 129 84 64 21 0
 136 84 64 21 0
 109 93 64 21 0
 120 93 64 21 0
 129 93 64 21 0
 136 93 64 21 0
 109 100 64 21 0
 120 100 64 21 0
 129 100 64 21 0
 136 100 64 21 0
 109 73 37 28 0
 120 73 37 28 0
 129 73 37 28 0
 136 73 37 28 0
 109 84 37 28 0
 120 84 37 28 0
 129 84 37 28 0
 136 84 37 28 0
 109 93 37 28 0
 120 93 37 28 0
 129 93 37 28 0
 136 93 37 28 0
 109 100 37 28 0
 120 100 37 28 0
 129 100 37 28 0
 136 100 37 28 0
 109 73 48 28 0
 120 73 48 28 0
 129 73 48 28 0
 136 73 48 28 0
 109 84 48 28 0
 120 84 48 28 0
 129 84 48 28 0
 136 84 48 28 0
 109 93 48 28 0
 120 93 48 28 0
 129 93 48 28 0
 136 93 48 28 0
 109 100 48 28 0
 120 100 48 28 0
 129 100 48 28 0
 136 100 48 28 0
 109 73 57 28 0
 120 73 57 28 0
 129 73 57 28 0
 136 73 57 28 0
 109 84 57 28 0
 120 84 57 28 0
 129 84 57 28 0
 136 84 57 28 0
 109 93 57 28 0
 120 93 57 28 0
 129 93 57 28 0
 136 93 57 28 0
 109 100 57 28 0
 120 100 57 28 0
 129 100 57 28 0
 136 100 57 28 0
 109 73 64 28 0
 120 73 64 28 0
 129 73 64 28 0
 136 73 64 28 0
 109 84 64 28 0
 120 84 64 28 0
 129 84 64 28 0
 136 84 64 28 0
 109 93 64 28 0
 120 93 64 28 0
 129 93 64 28 0
 136 93 64 28 0
 109 100 64 28 0
 120 100 64 28 0
 129 100 64 28 0
 136 100 64 28 0
 109 73 37 1 0
 120 73 37 1 0
 127 73 37 1 0
 137 73 37 1 0
 109 84 37 1 0
 120 84 37 1 0
 127 84 37 1 0
 137 84 37 1 0
 109 91 37 1 0
 120 91 37 1 0
 127 91 37 1 0
 137 91 37 1 0
 109 101 37 1 0
 120 101 37 1 0
 127 101 37 1 0
 137 101 37 1 0
 109 73 48 1 0
 120 73 48 1 0
 127 73 48 1 0
 137 73 48 1 0
 109 84 48 1 0
 120 84 48 1 0
 127 84 48 1 0
 137 84 48 1 0
 109 91 48 1 0
 120 91 48 1 0
 127 91 48 1 0
 137 91 48 1 0
 109 101 48 1 0
 120 101 48 1 0
 127 101 48 1 0
 137 101 48 1 0
 109 73 55 1 0
 120 73 55 1 0
 127 73 55 1 0
 137 73 55 1 0
 109 84 55 1 0
 120 84 55 1 0
 127 84 55 1 0
 137 84 55 1 0
 109 91 55 1 0
 120 91 55 1 0
 127 91 55 1 0
 137 91 55 1 0
 109 101 55 1 0
 120 101 55 1 0
 127 101 55 1 0
 137 101 55 1 0
 109 73 65 1 0
 120 73 65 1 0
 127 73 65 1 0
 137 73 65 1 0
 109 84 65 1 0
 120 84 65 1 0
 127 84 65 1 0
 137 84 65 1 0
 109 91 65 1 0
 120 91 65 1 0
 127 91 65 1 0
 137 91 65 1 0
 109 101 65 1 0
 120 101 65 1 0
 127 101 65 1 0
 137 101 65 1 0
 109 73 37 12 0
 120 73 37 12 0
 127 73 37 12 0
 137 73 37 12 0
 109 84 37 12 0
 120 84 37 12 0
 127 84 37 12 0
 137 84 37 12 0
 109 91 37 12 0
 120 91 37 12 0
 127 91 37 12 0
 137 91 37 12 0
 109 101 37 12 0
 120 101 37 12 0
 127 101 37 12 0
 137 101 37 12 0
 109 73 48 12 0
 120 73 48 12 0
 127 73 48 12 0
 137 73 48 12 0
 109 84 48 12 0
 120 84 48 12 0
 127 84 48 12 0
 137 84 48 12 0
 109 91 48 12 0
 120 91 48 12 0
 127 91 48 12 0
 137 91 48 12 0
 109 101 48 12 0
 120 101 48 12 0
 127 101 48 12 0
 137 101 48 12 0
 109 73 55 12 0
 120 73 55 12 0
 127 73 55 12 0
 137 73 55 12 0
 109 84 55 12 0
 120 84 55 12 0
 127 84 55 12 0
 137 84 55 12 0
 109 91 55 12 0
 120 91 55 12 0
 127 91 55 12 0
 137 91 55 12 0
 109 101 55 12 0
 120 101 55 12 0
 127 101 55 12 0
 137 101 55 12 0
 109 73 65 12 0
 120 73 65 12 0
 127 73 65 12 0
 137 73 65 12 0
 109 84 65 12 0
 120 84 65 12 0
 127 84 65 12 0
 137 84 65 12 0
 109 91 65 12 0
 120 91 65 12 0
 127 91 65 12 0
 137 91 65 12 0
 109 101 65 12 0
 120 101 65 12 0
 127 101 65 12 0
 137 101 65 12 0
 109 73 37 19 0
 120 73 37 19 0
 127 73 37 19 0
 137 73 37 19 0
 109 84 37 19 0
 120 84 37 19 0
 127 84 37 19 0
 137 84 37 19 0
 109 91 37 19 0
 120 91 37 19 0
 127 91 37 19 0
 137 91 37 19 0
 109 101 37 19 0
 120 101 37 19 0
 127 101 37 19 0
 137 101 37 19 0
 109 73 48 19 0
 120 73 48 19 0
 127 73 48 19 0
 137 73 48 19 0
 109 84 48 19 0
 120 84 48 19 0
 127 84 48 19 0
 137 84 48 19 0
 109 91 48 19 0
 120 91 48 19 0
 127 91 48 19 0
 137 91 48 19 0
 109 101 48 19 0
 120 101 48 19 0
 127 101 48 19 0
 137 101 48 19 0
 109 73 55 19 0
 120 73 55 19 0
 127 73 55 19 0
 137 73 55 19 0
 109 84 55 19 0
 120 84 55 19 0
 127 84 55 19 0
 137 84 55 19 0
 109 91 55 19 0
 120 91 55 19 0
 127 91 55 19 0
 137 91 55 19 0
 109 101 55 19 0
 120 101 55 19 0
 127 101 55 19 0
 137 101 55 19 0
 109 73 65 19 0
 120 73 65 19 0
 127 73 65 19 0
 137 73 65 19 0
 109 84 65 19 0
 120 84 65 19 0
 127 84 65 19 0
 137 84 65 19 0
 109 91 65 19 0
 120 91 65 19 0
 127 91 65 19 0
 137 91 65 19 0
 109 101 65 19 0
 120 101 65 19 0
 127 101 65 19 0
 137 101 65 19 0
 109 73 37 29 0
 120 73 37 29 0
 127 73 37 29 0
 137 73 37 29 0
 109 84 37 29 0
 120 84 37 29 0
 127 84 37 29 0
 137 84 37 29 0
 109 91 37 29 0
 120 91 37 29 0
 127 91 37 29 0
 137 91 37 29 0
 109 101 37 29 0
 120 101 37 29 0
 127 101 37 29 0
 137 101 37 29 0
 109 73 48 29 0
 120 73 48 29 0
 127 73 48 29 0
 137 73 48 29 0
 109 84 48 29 0
 120 84 48 29 0
 127 84 48 29 0
 137 84 48 29 0
 109 91 48 29 0
 120 91 48 29 0
 127 91 48 29 0
 137 91 48 29 0
 109 101 48 29 0
 120 101 48 29 0
 127 101 48 29 0
 137 101 48 29 0
 109 73 55 29 0
 120 73 55 29 0
 127 73 55 29 0
 137 73 55 29 0
 109 84 55 29 0
 120 84 55 29 0
 127 84 55 29 0
 137 84 55 29 0
 109 91 55 29 0
 120 91 55 29 0
 127 91 55 29 0
 137 91 55 29 0
 109 101 55 29 0
 120 101 55 29 0
 127 101 55 29 0
 137 101 55 29 0
 109 73 65 29 0
 120 73 65 29 0
 127 73 65 29 0
 137 73 65 29 0
 109 84 65 29 0
 120 84 65 29 0
 127 84 65 29 0
 137 84 65 29 0
 109 91 65 29 0
 120 91 65 29 0
 127 91 65 29 0
 137 91 65 29 0
 109 101 65 29 0
 120 101 65 29 0
 127 101 65 29 0
 137 101 65 29 0
