p cnf 832 4096
 18 -153 0
 -18 153 0
 17 -152 0
 -17 152 0
 16 -151 0
 -16 151 0
 15 -150 0
 -15 150 0
 14 -149 0
 -14 149 0
 13 -148 0
 -13 148 0
 12 -147 0
 -12 147 0
 11 -146 0
 -11 146 0
 10 -145 0
 -10 145 0
 36 -63 0
 -36 63 0
 35 -62 0
 -35 62 0
 34 -61 0
 -34 61 0
 33 -60 0
 -33 60 0
 32 -59 0
 -32 59 0
 31 -58 0
 -31 58 0
 30 -57 0
 -30 57 0
 29 -56 0
 -29 56 0
 28 -55 0
 -28 55 0
 54 -189 0
 -54 189 0
 53 -188 0
 -53 188 0
 52 -187 0
 -52 187 0
 51 -186 0
 -51 186 0
 50 -185 0
 -50 185 0
 49 -184 0
 -49 184 0
 48 -183 0
 -48 183 0
 47 -182 0
 -47 182 0
 46 -181 0
 -46 181 0
 72 -99 0
 -72 99 0
 71 -98 0
 -71 98 0
 70 -97 0
 -70 97 0
 69 -96 0
 -69 96 0
 68 -95 0
 -68 95 0
 67 -94 0
 -67 94 0
 66 -93 0
 -66 93 0
 65 -92 0
 -65 92 0
 64 -91 0
 -64 91 0
 90 -225 0
 -90 225 0
 89 -224 0
 -89 224 0
 88 -223 0
 -88 223 0
 87 -222 0
 -87 222 0
 86 -221 0
 -86 221 0
 85 -220 0
 -85 220 0
 84 -219 0
 -84 219 0
 83 -218 0
 -83 218 0
 82 -217 0
 -82 217 0
 108 -135 0
 -108 135 0
 107 -134 0
 -107 134 0
 106 -133 0
 -106 133 0
 105 -132 0
 -105 132 0
 104 -131 0
 -104 131 0
 103 -130 0
 -103 130 0
 102 -129 0
 -102 129 0
 101 -128 0
 -101 128 0
 100 -127 0
 -100 127 0
 126 -261 0
 -126 261 0
 125 -260 0
 -125 260 0
 124 -259 0
 -124 259 0
 123 -258 0
 -123 258 0
 122 -257 0
 -122 257 0
 121 -256 0
 -121 256 0
 120 -255 0
 -120 255 0
 119 -254 0
 -119 254 0
 118 -253 0
 -118 253 0
 162 -297 0
 -162 297 0
 161 -296 0
 -161 296 0
 160 -295 0
 -160 295 0
 159 -294 0
 -159 294 0
 158 -293 0
 -158 293 0
 157 -292 0
 -157 292 0
 156 -291 0
 -156 291 0
 155 -290 0
 -155 290 0
 154 -289 0
 -154 289 0
 180 -207 0
 -180 207 0
 179 -206 0
 -179 206 0
 178 -205 0
 -178 205 0
 177 -204 0
 -177 204 0
 176 -203 0
 -176 203 0
 175 -202 0
 -175 202 0
 174 -201 0
 -174 201 0
 173 -200 0
 -173 200 0
 172 -199 0
 -172 199 0
 198 -333 0
 -198 333 0
 197 -332 0
 -197 332 0
 196 -331 0
 -196 331 0
 195 -330 0
 -195 330 0
 194 -329 0
 -194 329 0
 193 -328 0
 -193 328 0
 192 -327 0
 -192 327 0
 191 -326 0
 -191 326 0
 190 -325 0
 -190 325 0
 216 -243 0
 -216 243 0
 215 -242 0
 -215 242 0
 214 -241 0
 -214 241 0
 213 -240 0
 -213 240 0
 212 -239 0
 -212 239 0
 211 -238 0
 -211 238 0
 210 -237 0
 -210 237 0
 209 -236 0
 -209 236 0
 208 -235 0
 -208 235 0
 234 -369 0
 -234 369 0
 233 -368 0
 -233 368 0
 232 -367 0
 -232 367 0
 231 -366 0
 -231 366 0
 230 -365 0
 -230 365 0
 229 -364 0
 -229 364 0
 228 -363 0
 -228 363 0
 227 -362 0
 -227 362 0
 226 -361 0
 -226 361 0
 252 -279 0
 -252 279 0
 251 -278 0
 -251 278 0
 250 -277 0
 -250 277 0
 249 -276 0
 -249 276 0
 248 -275 0
 -248 275 0
 247 -274 0
 -247 274 0
 246 -273 0
 -246 273 0
 245 -272 0
 -245 272 0
 244 -271 0
 -244 271 0
 270 -405 0
 -270 405 0
 269 -404 0
 -269 404 0
 268 -403 0
 -268 403 0
 267 -402 0
 -267 402 0
 266 -401 0
 -266 401 0
 265 -400 0
 -265 400 0
 264 -399 0
 -264 399 0
 263 -398 0
 -263 398 0
 262 -397 0
 -262 397 0
 306 -441 0
 -306 441 0
 305 -440 0
 -305 440 0
 304 -439 0
 -304 439 0
 303 -438 0
 -303 438 0
 302 -437 0
 -302 437 0
 301 -436 0
 -301 436 0
 300 -435 0
 -300 435 0
 299 -434 0
 -299 434 0
 298 -433 0
 -298 433 0
 324 -351 0
 -324 351 0
 323 -350 0
 -323 350 0
 322 -349 0
 -322 349 0
 321 -348 0
 -321 348 0
 320 -347 0
 -320 347 0
 319 -346 0
 -319 346 0
 318 -345 0
 -318 345 0
 317 -344 0
 -317 344 0
 316 -343 0
 -316 343 0
 342 -477 0
 -342 477 0
 341 -476 0
 -341 476 0
 340 -475 0
 -340 475 0
 339 -474 0
 -339 474 0
 338 -473 0
 -338 473 0
 337 -472 0
 -337 472 0
 336 -471 0
 -336 471 0
 335 -470 0
 -335 470 0
 334 -469 0
 -334 469 0
 360 -387 0
 -360 387 0
 359 -386 0
 -359 386 0
 358 -385 0
 -358 385 0
 357 -384 0
 -357 384 0
 356 -383 0
 -356 383 0
 355 -382 0
 -355 382 0
 354 -381 0
 -354 381 0
 353 -380 0
 -353 380 0
 352 -379 0
 -352 379 0
 378 -513 0
 -378 513 0
 377 -512 0
 -377 512 0
 376 -511 0
 -376 511 0
 375 -510 0
 -375 510 0
 374 -509 0
 -374 509 0
 373 -508 0
 -373 508 0
 372 -507 0
 -372 507 0
 371 -506 0
 -371 506 0
 370 -505 0
 -370 505 0
 396 -423 0
 -396 423 0
 395 -422 0
 -395 422 0
 394 -421 0
 -394 421 0
 393 -420 0
 -393 420 0
 392 -419 0
 -392 419 0
 391 -418 0
 -391 418 0
 390 -417 0
 -390 417 0
 389 -416 0
 -389 416 0
 388 -415 0
 -388 415 0
 414 -549 0
 -414 549 0
 413 -548 0
 -413 548 0
 412 -547 0
 -412 547 0
 411 -546 0
 -411 546 0
 410 -545 0
 -410 545 0
 409 -544 0
 -409 544 0
 408 -543 0
 -408 543 0
 407 -542 0
 -407 542 0
 406 -541 0
 -406 541 0
 468 -495 0
 -468 495 0
 467 -494 0
 -467 494 0
 466 -493 0
 -466 493 0
 465 -492 0
 -465 492 0
 464 -491 0
 -464 491 0
 463 -490 0
 -463 490 0
 462 -489 0
 -462 489 0
 461 -488 0
 -461 488 0
 460 -487 0
 -460 487 0
 504 -531 0
 -504 531 0
 503 -530 0
 -503 530 0
 502 -529 0
 -502 529 0
 501 -528 0
 -501 528 0
 500 -527 0
 -500 527 0
 499 -526 0
 -499 526 0
 498 -525 0
 -498 525 0
 497 -524 0
 -497 524 0
 496 -523 0
 -496 523 0
 540 -567 0
 -540 567 0
 539 -566 0
 -539 566 0
 538 -565 0
 -538 565 0
 537 -564 0
 -537 564 0
 536 -563 0
 -536 563 0
 535 -562 0
 -535 562 0
 534 -561 0
 -534 561 0
 533 -560 0
 -533 560 0
 532 -559 0
 -532 559 0
 541 542 543 544 545 546 547 548 549 0
 -549 -548 0
 -549 -547 0
 -549 -546 0
 -549 -545 0
 -549 -544 0
 -549 -543 0
 -549 -542 0
 -549 -541 0
 -548 -547 0
 -548 -546 0
 -548 -545 0
 -548 -544 0
 -548 -543 0
 -548 -542 0
 -548 -541 0
 -547 -546 0
 -547 -545 0
 -547 -544 0
 -547 -543 0
 -547 -542 0
 -547 -541 0
 -546 -545 0
 -546 -544 0
 -546 -543 0
 -546 -542 0
 -546 -541 0
 -545 -544 0
 -545 -543 0
 -545 -542 0
 -545 -541 0
 -544 -543 0
 -544 -542 0
 -544 -541 0
 -543 -542 0
 -543 -541 0
 -542 -541 0
 550 551 552 553 554 555 556 557 558 0
 -558 -557 0
 -558 -556 0
 -558 -555 0
 -558 -554 0
 -558 -553 0
 -558 -552 0
 -558 -551 0
 -558 -550 0
 -557 -556 0
 -557 -555 0
 -557 -554 0
 -557 -553 0
 -557 -552 0
 -557 -551 0
 -557 -550 0
 -556 -555 0
 -556 -554 0
 -556 -553 0
 -556 -552 0
 -556 -551 0
 -556 -550 0
 -555 -554 0
 -555 -553 0
 -555 -552 0
 -555 -551 0
 -555 -550 0
 -554 -553 0
 -554 -552 0
 -554 -551 0
 -554 -550 0
 -553 -552 0
 -553 -551 0
 -553 -550 0
 -552 -551 0
 -552 -550 0
 -551 -550 0
 559 560 561 562 563 564 565 566 567 0
 -567 -566 0
 -567 -565 0
 -567 -564 0
 -567 -563 0
 -567 -562 0
 -567 -561 0
 -567 -560 0
 -567 -559 0
 -566 -565 0
 -566 -564 0
 -566 -563 0
 -566 -562 0
 -566 -561 0
 -566 -560 0
 -566 -559 0
 -565 -564 0
 -565 -563 0
 -565 -562 0
 -565 -561 0
 -565 -560 0
 -565 -559 0
 -564 -563 0
 -564 -562 0
 -564 -561 0
 -564 -560 0
 -564 -559 0
 -563 -562 0
 -563 -561 0
 -563 -560 0
 -563 -559 0
 -562 -561 0
 -562 -560 0
 -562 -559 0
 -561 -560 0
 -561 -559 0
 -560 -559 0
 568 569 570 571 572 573 574 575 576 0
 -576 -575 0
 -576 -574 0
 -576 -573 0
 -576 -572 0
 -576 -571 0
 -576 -570 0
 -576 -569 0
 -576 -568 0
 -575 -574 0
 -575 -573 0
 -575 -572 0
 -575 -571 0
 -575 -570 0
 -575 -569 0
 -575 -568 0
 -574 -573 0
 -574 -572 0
 -574 -571 0
 -574 -570 0
 -574 -569 0
 -574 -568 0
 -573 -572 0
 -573 -571 0
 -573 -570 0
 -573 -569 0
 -573 -568 0
 -572 -571 0
 -572 -570 0
 -572 -569 0
 -572 -568 0
 -571 -570 0
 -571 -569 0
 -571 -568 0
 -570 -569 0
 -570 -568 0
 -569 -568 0
 505 506 507 508 509 510 511 512 513 0
 -513 -512 0
 -513 -511 0
 -513 -510 0
 -513 -509 0
 -513 -508 0
 -513 -507 0
 -513 -506 0
 -513 -505 0
 -512 -511 0
 -512 -510 0
 -512 -509 0
 -512 -508 0
 -512 -507 0
 -512 -506 0
 -512 -505 0
 -511 -510 0
 -511 -509 0
 -511 -508 0
 -511 -507 0
 -511 -506 0
 -511 -505 0
 -510 -509 0
 -510 -508 0
 -510 -507 0
 -510 -506 0
 -510 -505 0
 -509 -508 0
 -509 -507 0
 -509 -506 0
 -509 -505 0
 -508 -507 0
 -508 -506 0
 -508 -505 0
 -507 -506 0
 -507 -505 0
 -506 -505 0
 514 515 516 517 518 519 520 521 522 0
 -522 -521 0
 -522 -520 0
 -522 -519 0
 -522 -518 0
 -522 -517 0
 -522 -516 0
 -522 -515 0
 -522 -514 0
 -521 -520 0
 -521 -519 0
 -521 -518 0
 -521 -517 0
 -521 -516 0
 -521 -515 0
 -521 -514 0
 -520 -519 0
 -520 -518 0
 -520 -517 0
 -520 -516 0
 -520 -515 0
 -520 -514 0
 -519 -518 0
 -519 -517 0
 -519 -516 0
 -519 -515 0
 -519 -514 0
 -518 -517 0
 -518 -516 0
 -518 -515 0
 -518 -514 0
 -517 -516 0
 -517 -515 0
 -517 -514 0
 -516 -515 0
 -516 -514 0
 -515 -514 0
 523 524 525 526 527 528 529 530 531 0
 -531 -530 0
 -531 -529 0
 -531 -528 0
 -531 -527 0
 -531 -526 0
 -531 -525 0
 -531 -524 0
 -531 -523 0
 -530 -529 0
 -530 -528 0
 -530 -527 0
 -530 -526 0
 -530 -525 0
 -530 -524 0
 -530 -523 0
 -529 -528 0
 -529 -527 0
 -529 -526 0
 -529 -525 0
 -529 -524 0
 -529 -523 0
 -528 -527 0
 -528 -526 0
 -528 -525 0
 -528 -524 0
 -528 -523 0
 -527 -526 0
 -527 -525 0
 -527 -524 0
 -527 -523 0
 -526 -525 0
 -526 -524 0
 -526 -523 0
 -525 -524 0
 -525 -523 0
 -524 -523 0
 532 533 534 535 536 537 538 539 540 0
 -540 -539 0
 -540 -538 0
 -540 -537 0
 -540 -536 0
 -540 -535 0
 -540 -534 0
 -540 -533 0
 -540 -532 0
 -539 -538 0
 -539 -537 0
 -539 -536 0
 -539 -535 0
 -539 -534 0
 -539 -533 0
 -539 -532 0
 -538 -537 0
 -538 -536 0
 -538 -535 0
 -538 -534 0
 -538 -533 0
 -538 -532 0
 -537 -536 0
 -537 -535 0
 -537 -534 0
 -537 -533 0
 -537 -532 0
 -536 -535 0
 -536 -534 0
 -536 -533 0
 -536 -532 0
 -535 -534 0
 -535 -533 0
 -535 -532 0
 -534 -533 0
 -534 -532 0
 -533 -532 0
 469 470 471 472 473 474 475 476 477 0
 -477 -476 0
 -477 -475 0
 -477 -474 0
 -477 -473 0
 -477 -472 0
 -477 -471 0
 -477 -470 0
 -477 -469 0
 -476 -475 0
 -476 -474 0
 -476 -473 0
 -476 -472 0
 -476 -471 0
 -476 -470 0
 -476 -469 0
 -475 -474 0
 -475 -473 0
 -475 -472 0
 -475 -471 0
 -475 -470 0
 -475 -469 0
 -474 -473 0
 -474 -472 0
 -474 -471 0
 -474 -470 0
 -474 -469 0
 -473 -472 0
 -473 -471 0
 -473 -470 0
 -473 -469 0
 -472 -471 0
 -472 -470 0
 -472 -469 0
 -471 -470 0
 -471 -469 0
 -470 -469 0
 478 479 480 481 482 483 484 485 486 0
 -486 -485 0
 -486 -484 0
 -486 -483 0
 -486 -482 0
 -486 -481 0
 -486 -480 0
 -486 -479 0
 -486 -478 0
 -485 -484 0
 -485 -483 0
 -485 -482 0
 -485 -481 0
 -485 -480 0
 -485 -479 0
 -485 -478 0
 -484 -483 0
 -484 -482 0
 -484 -481 0
 -484 -480 0
 -484 -479 0
 -484 -478 0
 -483 -482 0
 -483 -481 0
 -483 -480 0
 -483 -479 0
 -483 -478 0
 -482 -481 0
 -482 -480 0
 -482 -479 0
 -482 -478 0
 -481 -480 0
 -481 -479 0
 -481 -478 0
 -480 -479 0
 -480 -478 0
 -479 -478 0
 487 488 489 490 491 492 493 494 495 0
 -495 -494 0
 -495 -493 0
 -495 -492 0
 -495 -491 0
 -495 -490 0
 -495 -489 0
 -495 -488 0
 -495 -487 0
 -494 -493 0
 -494 -492 0
 -494 -491 0
 -494 -490 0
 -494 -489 0
 -494 -488 0
 -494 -487 0
 -493 -492 0
 -493 -491 0
 -493 -490 0
 -493 -489 0
 -493 -488 0
 -493 -487 0
 -492 -491 0
 -492 -490 0
 -492 -489 0
 -492 -488 0
 -492 -487 0
 -491 -490 0
 -491 -489 0
 -491 -488 0
 -491 -487 0
 -490 -489 0
 -490 -488 0
 -490 -487 0
 -489 -488 0
 -489 -487 0
 -488 -487 0
 496 497 498 499 500 501 502 503 504 0
 -504 -503 0
 -504 -502 0
 -504 -501 0
 -504 -500 0
 -504 -499 0
 -504 -498 0
 -504 -497 0
 -504 -496 0
 -503 -502 0
 -503 -501 0
 -503 -500 0
 -503 -499 0
 -503 -498 0
 -503 -497 0
 -503 -496 0
 -502 -501 0
 -502 -500 0
 -502 -499 0
 -502 -498 0
 -502 -497 0
 -502 -496 0
 -501 -500 0
 -501 -499 0
 -501 -498 0
 -501 -497 0
 -501 -496 0
 -500 -499 0
 -500 -498 0
 -500 -497 0
 -500 -496 0
 -499 -498 0
 -499 -497 0
 -499 -496 0
 -498 -497 0
 -498 -496 0
 -497 -496 0
 433 434 435 436 437 438 439 440 441 0
 -441 -440 0
 -441 -439 0
 -441 -438 0
 -441 -437 0
 -441 -436 0
 -441 -435 0
 -441 -434 0
 -441 -433 0
 -440 -439 0
 -440 -438 0
 -440 -437 0
 -440 -436 0
 -440 -435 0
 -440 -434 0
 -440 -433 0
 -439 -438 0
 -439 -437 0
 -439 -436 0
 -439 -435 0
 -439 -434 0
 -439 -433 0
 -438 -437 0
 -438 -436 0
 -438 -435 0
 -438 -434 0
 -438 -433 0
 -437 -436 0
 -437 -435 0
 -437 -434 0
 -437 -433 0
 -436 -435 0
 -436 -434 0
 -436 -433 0
 -435 -434 0
 -435 -433 0
 -434 -433 0
 442 443 444 445 446 447 448 449 450 0
 -450 -449 0
 -450 -448 0
 -450 -447 0
 -450 -446 0
 -450 -445 0
 -450 -444 0
 -450 -443 0
 -450 -442 0
 -449 -448 0
 -449 -447 0
 -449 -446 0
 -449 -445 0
 -449 -444 0
 -449 -443 0
 -449 -442 0
 -448 -447 0
 -448 -446 0
 -448 -445 0
 -448 -444 0
 -448 -443 0
 -448 -442 0
 -447 -446 0
 -447 -445 0
 -447 -444 0
 -447 -443 0
 -447 -442 0
 -446 -445 0
 -446 -444 0
 -446 -443 0
 -446 -442 0
 -445 -444 0
 -445 -443 0
 -445 -442 0
 -444 -443 0
 -444 -442 0
 -443 -442 0
 451 452 453 454 455 456 457 458 459 0
 -459 -458 0
 -459 -457 0
 -459 -456 0
 -459 -455 0
 -459 -454 0
 -459 -453 0
 -459 -452 0
 -459 -451 0
 -458 -457 0
 -458 -456 0
 -458 -455 0
 -458 -454 0
 -458 -453 0
 -458 -452 0
 -458 -451 0
 -457 -456 0
 -457 -455 0
 -457 -454 0
 -457 -453 0
 -457 -452 0
 -457 -451 0
 -456 -455 0
 -456 -454 0
 -456 -453 0
 -456 -452 0
 -456 -451 0
 -455 -454 0
 -455 -453 0
 -455 -452 0
 -455 -451 0
 -454 -453 0
 -454 -452 0
 -454 -451 0
 -453 -452 0
 -453 -451 0
 -452 -451 0
 460 461 462 463 464 465 466 467 468 0
 -468 -467 0
 -468 -466 0
 -468 -465 0
 -468 -464 0
 -468 -463 0
 -468 -462 0
 -468 -461 0
 -468 -460 0
 -467 -466 0
 -467 -465 0
 -467 -464 0
 -467 -463 0
 -467 -462 0
 -467 -461 0
 -467 -460 0
 -466 -465 0
 -466 -464 0
 -466 -463 0
 -466 -462 0
 -466 -461 0
 -466 -460 0
 -465 -464 0
 -465 -463 0
 -465 -462 0
 -465 -461 0
 -465 -460 0
 -464 -463 0
 -464 -462 0
 -464 -461 0
 -464 -460 0
 -463 -462 0
 -463 -461 0
 -463 -460 0
 -462 -461 0
 -462 -460 0
 -461 -460 0
 397 398 399 400 401 402 403 404 405 0
 -405 -404 0
 -405 -403 0
 -405 -402 0
 -405 -401 0
 -405 -400 0
 -405 -399 0
 -405 -398 0
 -405 -397 0
 -404 -403 0
 -404 -402 0
 -404 -401 0
 -404 -400 0
 -404 -399 0
 -404 -398 0
 -404 -397 0
 -403 -402 0
 -403 -401 0
 -403 -400 0
 -403 -399 0
 -403 -398 0
 -403 -397 0
 -402 -401 0
 -402 -400 0
 -402 -399 0
 -402 -398 0
 -402 -397 0
 -401 -400 0
 -401 -399 0
 -401 -398 0
 -401 -397 0
 -400 -399 0
 -400 -398 0
 -400 -397 0
 -399 -398 0
 -399 -397 0
 -398 -397 0
 406 407 408 409 410 411 412 413 414 0
 -414 -413 0
 -414 -412 0
 -414 -411 0
 -414 -410 0
 -414 -409 0
 -414 -408 0
 -414 -407 0
 -414 -406 0
 -413 -412 0
 -413 -411 0
 -413 -410 0
 -413 -409 0
 -413 -408 0
 -413 -407 0
 -413 -406 0
 -412 -411 0
 -412 -410 0
 -412 -409 0
 -412 -408 0
 -412 -407 0
 -412 -406 0
 -411 -410 0
 -411 -409 0
 -411 -408 0
 -411 -407 0
 -411 -406 0
 -410 -409 0
 -410 -408 0
 -410 -407 0
 -410 -406 0
 -409 -408 0
 -409 -407 0
 -409 -406 0
 -408 -407 0
 -408 -406 0
 -407 -406 0
 415 416 417 418 419 420 421 422 423 0
 -423 -422 0
 -423 -421 0
 -423 -420 0
 -423 -419 0
 -423 -418 0
 -423 -417 0
 -423 -416 0
 -423 -415 0
 -422 -421 0
 -422 -420 0
 -422 -419 0
 -422 -418 0
 -422 -417 0
 -422 -416 0
 -422 -415 0
 -421 -420 0
 -421 -419 0
 -421 -418 0
 -421 -417 0
 -421 -416 0
 -421 -415 0
 -420 -419 0
 -420 -418 0
 -420 -417 0
 -420 -416 0
 -420 -415 0
 -419 -418 0
 -419 -417 0
 -419 -416 0
 -419 -415 0
 -418 -417 0
 -418 -416 0
 -418 -415 0
 -417 -416 0
 -417 -415 0
 -416 -415 0
 424 425 426 427 428 429 430 431 432 0
 -432 -431 0
 -432 -430 0
 -432 -429 0
 -432 -428 0
 -432 -427 0
 -432 -426 0
 -432 -425 0
 -432 -424 0
 -431 -430 0
 -431 -429 0
 -431 -428 0
 -431 -427 0
 -431 -426 0
 -431 -425 0
 -431 -424 0
 -430 -429 0
 -430 -428 0
 -430 -427 0
 -430 -426 0
 -430 -425 0
 -430 -424 0
 -429 -428 0
 -429 -427 0
 -429 -426 0
 -429 -425 0
 -429 -424 0
 -428 -427 0
 -428 -426 0
 -428 -425 0
 -428 -424 0
 -427 -426 0
 -427 -425 0
 -427 -424 0
 -426 -425 0
 -426 -424 0
 -425 -424 0
 361 362 363 364 365 366 367 368 369 0
 -369 -368 0
 -369 -367 0
 -369 -366 0
 -369 -365 0
 -369 -364 0
 -369 -363 0
 -369 -362 0
 -369 -361 0
 -368 -367 0
 -368 -366 0
 -368 -365 0
 -368 -364 0
 -368 -363 0
 -368 -362 0
 -368 -361 0
 -367 -366 0
 -367 -365 0
 -367 -364 0
 -367 -363 0
 -367 -362 0
 -367 -361 0
 -366 -365 0
 -366 -364 0
 -366 -363 0
 -366 -362 0
 -366 -361 0
 -365 -364 0
 -365 -363 0
 -365 -362 0
 -365 -361 0
 -364 -363 0
 -364 -362 0
 -364 -361 0
 -363 -362 0
 -363 -361 0
 -362 -361 0
 370 371 372 373 374 375 376 377 378 0
 -378 -377 0
 -378 -376 0
 -378 -375 0
 -378 -374 0
 -378 -373 0
 -378 -372 0
 -378 -371 0
 -378 -370 0
 -377 -376 0
 -377 -375 0
 -377 -374 0
 -377 -373 0
 -377 -372 0
 -377 -371 0
 -377 -370 0
 -376 -375 0
 -376 -374 0
 -376 -373 0
 -376 -372 0
 -376 -371 0
 -376 -370 0
 -375 -374 0
 -375 -373 0
 -375 -372 0
 -375 -371 0
 -375 -370 0
 -374 -373 0
 -374 -372 0
 -374 -371 0
 -374 -370 0
 -373 -372 0
 -373 -371 0
 -373 -370 0
 -372 -371 0
 -372 -370 0
 -371 -370 0
 379 380 381 382 383 384 385 386 387 0
 -387 -386 0
 -387 -385 0
 -387 -384 0
 -387 -383 0
 -387 -382 0
 -387 -381 0
 -387 -380 0
 -387 -379 0
 -386 -385 0
 -386 -384 0
 -386 -383 0
 -386 -382 0
 -386 -381 0
 -386 -380 0
 -386 -379 0
 -385 -384 0
 -385 -383 0
 -385 -382 0
 -385 -381 0
 -385 -380 0
 -385 -379 0
 -384 -383 0
 -384 -382 0
 -384 -381 0
 -384 -380 0
 -384 -379 0
 -383 -382 0
 -383 -381 0
 -383 -380 0
 -383 -379 0
 -382 -381 0
 -382 -380 0
 -382 -379 0
 -381 -380 0
 -381 -379 0
 -380 -379 0
 388 389 390 391 392 393 394 395 396 0
 -396 -395 0
 -396 -394 0
 -396 -393 0
 -396 -392 0
 -396 -391 0
 -396 -390 0
 -396 -389 0
 -396 -388 0
 -395 -394 0
 -395 -393 0
 -395 -392 0
 -395 -391 0
 -395 -390 0
 -395 -389 0
 -395 -388 0
 -394 -393 0
 -394 -392 0
 -394 -391 0
 -394 -390 0
 -394 -389 0
 -394 -388 0
 -393 -392 0
 -393 -391 0
 -393 -390 0
 -393 -389 0
 -393 -388 0
 -392 -391 0
 -392 -390 0
 -392 -389 0
 -392 -388 0
 -391 -390 0
 -391 -389 0
 -391 -388 0
 -390 -389 0
 -390 -388 0
 -389 -388 0
 325 326 327 328 329 330 331 332 333 0
 -333 -332 0
 -333 -331 0
 -333 -330 0
 -333 -329 0
 -333 -328 0
 -333 -327 0
 -333 -326 0
 -333 -325 0
 -332 -331 0
 -332 -330 0
 -332 -329 0
 -332 -328 0
 -332 -327 0
 -332 -326 0
 -332 -325 0
 -331 -330 0
 -331 -329 0
 -331 -328 0
 -331 -327 0
 -331 -326 0
 -331 -325 0
 -330 -329 0
 -330 -328 0
 -330 -327 0
 -330 -326 0
 -330 -325 0
 -329 -328 0
 -329 -327 0
 -329 -326 0
 -329 -325 0
 -328 -327 0
 -328 -326 0
 -328 -325 0
 -327 -326 0
 -327 -325 0
 -326 -325 0
 334 335 336 337 338 339 340 341 342 0
 -342 -341 0
 -342 -340 0
 -342 -339 0
 -342 -338 0
 -342 -337 0
 -342 -336 0
 -342 -335 0
 -342 -334 0
 -341 -340 0
 -341 -339 0
 -341 -338 0
 -341 -337 0
 -341 -336 0
 -341 -335 0
 -341 -334 0
 -340 -339 0
 -340 -338 0
 -340 -337 0
 -340 -336 0
 -340 -335 0
 -340 -334 0
 -339 -338 0
 -339 -337 0
 -339 -336 0
 -339 -335 0
 -339 -334 0
 -338 -337 0
 -338 -336 0
 -338 -335 0
 -338 -334 0
 -337 -336 0
 -337 -335 0
 -337 -334 0
 -336 -335 0
 -336 -334 0
 -335 -334 0
 343 344 345 346 347 348 349 350 351 0
 -351 -350 0
 -351 -349 0
 -351 -348 0
 -351 -347 0
 -351 -346 0
 -351 -345 0
 -351 -344 0
 -351 -343 0
 -350 -349 0
 -350 -348 0
 -350 -347 0
 -350 -346 0
 -350 -345 0
 -350 -344 0
 -350 -343 0
 -349 -348 0
 -349 -347 0
 -349 -346 0
 -349 -345 0
 -349 -344 0
 -349 -343 0
 -348 -347 0
 -348 -346 0
 -348 -345 0
 -348 -344 0
 -348 -343 0
 -347 -346 0
 -347 -345 0
 -347 -344 0
 -347 -343 0
 -346 -345 0
 -346 -344 0
 -346 -343 0
 -345 -344 0
 -345 -343 0
 -344 -343 0
 352 353 354 355 356 357 358 359 360 0
 -360 -359 0
 -360 -358 0
 -360 -357 0
 -360 -356 0
 -360 -355 0
 -360 -354 0
 -360 -353 0
 -360 -352 0
 -359 -358 0
 -359 -357 0
 -359 -356 0
 -359 -355 0
 -359 -354 0
 -359 -353 0
 -359 -352 0
 -358 -357 0
 -358 -356 0
 -358 -355 0
 -358 -354 0
 -358 -353 0
 -358 -352 0
 -357 -356 0
 -357 -355 0
 -357 -354 0
 -357 -353 0
 -357 -352 0
 -356 -355 0
 -356 -354 0
 -356 -353 0
 -356 -352 0
 -355 -354 0
 -355 -353 0
 -355 -352 0
 -354 -353 0
 -354 -352 0
 -353 -352 0
 289 290 291 292 293 294 295 296 297 0
 -297 -296 0
 -297 -295 0
 -297 -294 0
 -297 -293 0
 -297 -292 0
 -297 -291 0
 -297 -290 0
 -297 -289 0
 -296 -295 0
 -296 -294 0
 -296 -293 0
 -296 -292 0
 -296 -291 0
 -296 -290 0
 -296 -289 0
 -295 -294 0
 -295 -293 0
 -295 -292 0
 -295 -291 0
 -295 -290 0
 -295 -289 0
 -294 -293 0
 -294 -292 0
 -294 -291 0
 -294 -290 0
 -294 -289 0
 -293 -292 0
 -293 -291 0
 -293 -290 0
 -293 -289 0
 -292 -291 0
 -292 -290 0
 -292 -289 0
 -291 -290 0
 -291 -289 0
 -290 -289 0
 298 299 300 301 302 303 304 305 306 0
 -306 -305 0
 -306 -304 0
 -306 -303 0
 -306 -302 0
 -306 -301 0
 -306 -300 0
 -306 -299 0
 -306 -298 0
 -305 -304 0
 -305 -303 0
 -305 -302 0
 -305 -301 0
 -305 -300 0
 -305 -299 0
 -305 -298 0
 -304 -303 0
 -304 -302 0
 -304 -301 0
 -304 -300 0
 -304 -299 0
 -304 -298 0
 -303 -302 0
 -303 -301 0
 -303 -300 0
 -303 -299 0
 -303 -298 0
 -302 -301 0
 -302 -300 0
 -302 -299 0
 -302 -298 0
 -301 -300 0
 -301 -299 0
 -301 -298 0
 -300 -299 0
 -300 -298 0
 -299 -298 0
 307 308 309 310 311 312 313 314 315 0
 -315 -314 0
 -315 -313 0
 -315 -312 0
 -315 -311 0
 -315 -310 0
 -315 -309 0
 -315 -308 0
 -315 -307 0
 -314 -313 0
 -314 -312 0
 -314 -311 0
 -314 -310 0
 -314 -309 0
 -314 -308 0
 -314 -307 0
 -313 -312 0
 -313 -311 0
 -313 -310 0
 -313 -309 0
 -313 -308 0
 -313 -307 0
 -312 -311 0
 -312 -310 0
 -312 -309 0
 -312 -308 0
 -312 -307 0
 -311 -310 0
 -311 -309 0
 -311 -308 0
 -311 -307 0
 -310 -309 0
 -310 -308 0
 -310 -307 0
 -309 -308 0
 -309 -307 0
 -308 -307 0
 316 317 318 319 320 321 322 323 324 0
 -324 -323 0
 -324 -322 0
 -324 -321 0
 -324 -320 0
 -324 -319 0
 -324 -318 0
 -324 -317 0
 -324 -316 0
 -323 -322 0
 -323 -321 0
 -323 -320 0
 -323 -319 0
 -323 -318 0
 -323 -317 0
 -323 -316 0
 -322 -321 0
 -322 -320 0
 -322 -319 0
 -322 -318 0
 -322 -317 0
 -322 -316 0
 -321 -320 0
 -321 -319 0
 -321 -318 0
 -321 -317 0
 -321 -316 0
 -320 -319 0
 -320 -318 0
 -320 -317 0
 -320 -316 0
 -319 -318 0
 -319 -317 0
 -319 -316 0
 -318 -317 0
 -318 -316 0
 -317 -316 0
 253 254 255 256 257 258 259 260 261 0
 -261 -260 0
 -261 -259 0
 -261 -258 0
 -261 -257 0
 -261 -256 0
 -261 -255 0
 -261 -254 0
 -261 -253 0
 -260 -259 0
 -260 -258 0
 -260 -257 0
 -260 -256 0
 -260 -255 0
 -260 -254 0
 -260 -253 0
 -259 -258 0
 -259 -257 0
 -259 -256 0
 -259 -255 0
 -259 -254 0
 -259 -253 0
 -258 -257 0
 -258 -256 0
 -258 -255 0
 -258 -254 0
 -258 -253 0
 -257 -256 0
 -257 -255 0
 -257 -254 0
 -257 -253 0
 -256 -255 0
 -256 -254 0
 -256 -253 0
 -255 -254 0
 -255 -253 0
 -254 -253 0
 262 263 264 265 266 267 268 269 270 0
 -270 -269 0
 -270 -268 0
 -270 -267 0
 -270 -266 0
 -270 -265 0
 -270 -264 0
 -270 -263 0
 -270 -262 0
 -269 -268 0
 -269 -267 0
 -269 -266 0
 -269 -265 0
 -269 -264 0
 -269 -263 0
 -269 -262 0
 -268 -267 0
 -268 -266 0
 -268 -265 0
 -268 -264 0
 -268 -263 0
 -268 -262 0
 -267 -266 0
 -267 -265 0
 -267 -264 0
 -267 -263 0
 -267 -262 0
 -266 -265 0
 -266 -264 0
 -266 -263 0
 -266 -262 0
 -265 -264 0
 -265 -263 0
 -265 -262 0
 -264 -263 0
 -264 -262 0
 -263 -262 0
 271 272 273 274 275 276 277 278 279 0
 -279 -278 0
 -279 -277 0
 -279 -276 0
 -279 -275 0
 -279 -274 0
 -279 -273 0
 -279 -272 0
 -279 -271 0
 -278 -277 0
 -278 -276 0
 -278 -275 0
 -278 -274 0
 -278 -273 0
 -278 -272 0
 -278 -271 0
 -277 -276 0
 -277 -275 0
 -277 -274 0
 -277 -273 0
 -277 -272 0
 -277 -271 0
 -276 -275 0
 -276 -274 0
 -276 -273 0
 -276 -272 0
 -276 -271 0
 -275 -274 0
 -275 -273 0
 -275 -272 0
 -275 -271 0
 -274 -273 0
 -274 -272 0
 -274 -271 0
 -273 -272 0
 -273 -271 0
 -272 -271 0
 280 281 282 283 284 285 286 287 288 0
 -288 -287 0
 -288 -286 0
 -288 -285 0
 -288 -284 0
 -288 -283 0
 -288 -282 0
 -288 -281 0
 -288 -280 0
 -287 -286 0
 -287 -285 0
 -287 -284 0
 -287 -283 0
 -287 -282 0
 -287 -281 0
 -287 -280 0
 -286 -285 0
 -286 -284 0
 -286 -283 0
 -286 -282 0
 -286 -281 0
 -286 -280 0
 -285 -284 0
 -285 -283 0
 -285 -282 0
 -285 -281 0
 -285 -280 0
 -284 -283 0
 -284 -282 0
 -284 -281 0
 -284 -280 0
 -283 -282 0
 -283 -281 0
 -283 -280 0
 -282 -281 0
 -282 -280 0
 -281 -280 0
 217 218 219 220 221 222 223 224 225 0
 -225 -224 0
 -225 -223 0
 -225 -222 0
 -225 -221 0
 -225 -220 0
 -225 -219 0
 -225 -218 0
 -225 -217 0
 -224 -223 0
 -224 -222 0
 -224 -221 0
 -224 -220 0
 -224 -219 0
 -224 -218 0
 -224 -217 0
 -223 -222 0
 -223 -221 0
 -223 -220 0
 -223 -219 0
 -223 -218 0
 -223 -217 0
 -222 -221 0
 -222 -220 0
 -222 -219 0
 -222 -218 0
 -222 -217 0
 -221 -220 0
 -221 -219 0
 -221 -218 0
 -221 -217 0
 -220 -219 0
 -220 -218 0
 -220 -217 0
 -219 -218 0
 -219 -217 0
 -218 -217 0
 226 227 228 229 230 231 232 233 234 0
 -234 -233 0
 -234 -232 0
 -234 -231 0
 -234 -230 0
 -234 -229 0
 -234 -228 0
 -234 -227 0
 -234 -226 0
 -233 -232 0
 -233 -231 0
 -233 -230 0
 -233 -229 0
 -233 -228 0
 -233 -227 0
 -233 -226 0
 -232 -231 0
 -232 -230 0
 -232 -229 0
 -232 -228 0
 -232 -227 0
 -232 -226 0
 -231 -230 0
 -231 -229 0
 -231 -228 0
 -231 -227 0
 -231 -226 0
 -230 -229 0
 -230 -228 0
 -230 -227 0
 -230 -226 0
 -229 -228 0
 -229 -227 0
 -229 -226 0
 -228 -227 0
 -228 -226 0
 -227 -226 0
 235 236 237 238 239 240 241 242 243 0
 -243 -242 0
 -243 -241 0
 -243 -240 0
 -243 -239 0
 -243 -238 0
 -243 -237 0
 -243 -236 0
 -243 -235 0
 -242 -241 0
 -242 -240 0
 -242 -239 0
 -242 -238 0
 -242 -237 0
 -242 -236 0
 -242 -235 0
 -241 -240 0
 -241 -239 0
 -241 -238 0
 -241 -237 0
 -241 -236 0
 -241 -235 0
 -240 -239 0
 -240 -238 0
 -240 -237 0
 -240 -236 0
 -240 -235 0
 -239 -238 0
 -239 -237 0
 -239 -236 0
 -239 -235 0
 -238 -237 0
 -238 -236 0
 -238 -235 0
 -237 -236 0
 -237 -235 0
 -236 -235 0
 244 245 246 247 248 249 250 251 252 0
 -252 -251 0
 -252 -250 0
 -252 -249 0
 -252 -248 0
 -252 -247 0
 -252 -246 0
 -252 -245 0
 -252 -244 0
 -251 -250 0
 -251 -249 0
 -251 -248 0
 -251 -247 0
 -251 -246 0
 -251 -245 0
 -251 -244 0
 -250 -249 0
 -250 -248 0
 -250 -247 0
 -250 -246 0
 -250 -245 0
 -250 -244 0
 -249 -248 0
 -249 -247 0
 -249 -246 0
 -249 -245 0
 -249 -244 0
 -248 -247 0
 -248 -246 0
 -248 -245 0
 -248 -244 0
 -247 -246 0
 -247 -245 0
 -247 -244 0
 -246 -245 0
 -246 -244 0
 -245 -244 0
 181 182 183 184 185 186 187 188 189 0
 -189 -188 0
 -189 -187 0
 -189 -186 0
 -189 -185 0
 -189 -184 0
 -189 -183 0
 -189 -182 0
 -189 -181 0
 -188 -187 0
 -188 -186 0
 -188 -185 0
 -188 -184 0
 -188 -183 0
 -188 -182 0
 -188 -181 0
 -187 -186 0
 -187 -185 0
 -187 -184 0
 -187 -183 0
 -187 -182 0
 -187 -181 0
 -186 -185 0
 -186 -184 0
 -186 -183 0
 -186 -182 0
 -186 -181 0
 -185 -184 0
 -185 -183 0
 -185 -182 0
 -185 -181 0
 -184 -183 0
 -184 -182 0
 -184 -181 0
 -183 -182 0
 -183 -181 0
 -182 -181 0
 190 191 192 193 194 195 196 197 198 0
 -198 -197 0
 -198 -196 0
 -198 -195 0
 -198 -194 0
 -198 -193 0
 -198 -192 0
 -198 -191 0
 -198 -190 0
 -197 -196 0
 -197 -195 0
 -197 -194 0
 -197 -193 0
 -197 -192 0
 -197 -191 0
 -197 -190 0
 -196 -195 0
 -196 -194 0
 -196 -193 0
 -196 -192 0
 -196 -191 0
 -196 -190 0
 -195 -194 0
 -195 -193 0
 -195 -192 0
 -195 -191 0
 -195 -190 0
 -194 -193 0
 -194 -192 0
 -194 -191 0
 -194 -190 0
 -193 -192 0
 -193 -191 0
 -193 -190 0
 -192 -191 0
 -192 -190 0
 -191 -190 0
 199 200 201 202 203 204 205 206 207 0
 -207 -206 0
 -207 -205 0
 -207 -204 0
 -207 -203 0
 -207 -202 0
 -207 -201 0
 -207 -200 0
 -207 -199 0
 -206 -205 0
 -206 -204 0
 -206 -203 0
 -206 -202 0
 -206 -201 0
 -206 -200 0
 -206 -199 0
 -205 -204 0
 -205 -203 0
 -205 -202 0
 -205 -201 0
 -205 -200 0
 -205 -199 0
 -204 -203 0
 -204 -202 0
 -204 -201 0
 -204 -200 0
 -204 -199 0
 -203 -202 0
 -203 -201 0
 -203 -200 0
 -203 -199 0
 -202 -201 0
 -202 -200 0
 -202 -199 0
 -201 -200 0
 -201 -199 0
 -200 -199 0
 208 209 210 211 212 213 214 215 216 0
 -216 -215 0
 -216 -214 0
 -216 -213 0
 -216 -212 0
 -216 -211 0
 -216 -210 0
 -216 -209 0
 -216 -208 0
 -215 -214 0
 -215 -213 0
 -215 -212 0
 -215 -211 0
 -215 -210 0
 -215 -209 0
 -215 -208 0
 -214 -213 0
 -214 -212 0
 -214 -211 0
 -214 -210 0
 -214 -209 0
 -214 -208 0
 -213 -212 0
 -213 -211 0
 -213 -210 0
 -213 -209 0
 -213 -208 0
 -212 -211 0
 -212 -210 0
 -212 -209 0
 -212 -208 0
 -211 -210 0
 -211 -209 0
 -211 -208 0
 -210 -209 0
 -210 -208 0
 -209 -208 0
 145 146 147 148 149 150 151 152 153 0
 -153 -152 0
 -153 -151 0
 -153 -150 0
 -153 -149 0
 -153 -148 0
 -153 -147 0
 -153 -146 0
 -153 -145 0
 -152 -151 0
 -152 -150 0
 -152 -149 0
 -152 -148 0
 -152 -147 0
 -152 -146 0
 -152 -145 0
 -151 -150 0
 -151 -149 0
 -151 -148 0
 -151 -147 0
 -151 -146 0
 -151 -145 0
 -150 -149 0
 -150 -148 0
 -150 -147 0
 -150 -146 0
 -150 -145 0
 -149 -148 0
 -149 -147 0
 -149 -146 0
 -149 -145 0
 -148 -147 0
 -148 -146 0
 -148 -145 0
 -147 -146 0
 -147 -145 0
 -146 -145 0
 154 155 156 157 158 159 160 161 162 0
 -162 -161 0
 -162 -160 0
 -162 -159 0
 -162 -158 0
 -162 -157 0
 -162 -156 0
 -162 -155 0
 -162 -154 0
 -161 -160 0
 -161 -159 0
 -161 -158 0
 -161 -157 0
 -161 -156 0
 -161 -155 0
 -161 -154 0
 -160 -159 0
 -160 -158 0
 -160 -157 0
 -160 -156 0
 -160 -155 0
 -160 -154 0
 -159 -158 0
 -159 -157 0
 -159 -156 0
 -159 -155 0
 -159 -154 0
 -158 -157 0
 -158 -156 0
 -158 -155 0
 -158 -154 0
 -157 -156 0
 -157 -155 0
 -157 -154 0
 -156 -155 0
 -156 -154 0
 -155 -154 0
 163 164 165 166 167 168 169 170 171 0
 -171 -170 0
 -171 -169 0
 -171 -168 0
 -171 -167 0
 -171 -166 0
 -171 -165 0
 -171 -164 0
 -171 -163 0
 -170 -169 0
 -170 -168 0
 -170 -167 0
 -170 -166 0
 -170 -165 0
 -170 -164 0
 -170 -163 0
 -169 -168 0
 -169 -167 0
 -169 -166 0
 -169 -165 0
 -169 -164 0
 -169 -163 0
 -168 -167 0
 -168 -166 0
 -168 -165 0
 -168 -164 0
 -168 -163 0
 -167 -166 0
 -167 -165 0
 -167 -164 0
 -167 -163 0
 -166 -165 0
 -166 -164 0
 -166 -163 0
 -165 -164 0
 -165 -163 0
 -164 -163 0
 172 173 174 175 176 177 178 179 180 0
 -180 -179 0
 -180 -178 0
 -180 -177 0
 -180 -176 0
 -180 -175 0
 -180 -174 0
 -180 -173 0
 -180 -172 0
 -179 -178 0
 -179 -177 0
 -179 -176 0
 -179 -175 0
 -179 -174 0
 -179 -173 0
 -179 -172 0
 -178 -177 0
 -178 -176 0
 -178 -175 0
 -178 -174 0
 -178 -173 0
 -178 -172 0
 -177 -176 0
 -177 -175 0
 -177 -174 0
 -177 -173 0
 -177 -172 0
 -176 -175 0
 -176 -174 0
 -176 -173 0
 -176 -172 0
 -175 -174 0
 -175 -173 0
 -175 -172 0
 -174 -173 0
 -174 -172 0
 -173 -172 0
 109 110 111 112 113 114 115 116 117 0
 -117 -116 0
 -117 -115 0
 -117 -114 0
 -117 -113 0
 -117 -112 0
 -117 -111 0
 -117 -110 0
 -117 -109 0
 -116 -115 0
 -116 -114 0
 -116 -113 0
 -116 -112 0
 -116 -111 0
 -116 -110 0
 -116 -109 0
 -115 -114 0
 -115 -113 0
 -115 -112 0
 -115 -111 0
 -115 -110 0
 -115 -109 0
 -114 -113 0
 -114 -112 0
 -114 -111 0
 -114 -110 0
 -114 -109 0
 -113 -112 0
 -113 -111 0
 -113 -110 0
 -113 -109 0
 -112 -111 0
 -112 -110 0
 -112 -109 0
 -111 -110 0
 -111 -109 0
 -110 -109 0
 118 119 120 121 122 123 124 125 126 0
 -126 -125 0
 -126 -124 0
 -126 -123 0
 -126 -122 0
 -126 -121 0
 -126 -120 0
 -126 -119 0
 -126 -118 0
 -125 -124 0
 -125 -123 0
 -125 -122 0
 -125 -121 0
 -125 -120 0
 -125 -119 0
 -125 -118 0
 -124 -123 0
 -124 -122 0
 -124 -121 0
 -124 -120 0
 -124 -119 0
 -124 -118 0
 -123 -122 0
 -123 -121 0
 -123 -120 0
 -123 -119 0
 -123 -118 0
 -122 -121 0
 -122 -120 0
 -122 -119 0
 -122 -118 0
 -121 -120 0
 -121 -119 0
 -121 -118 0
 -120 -119 0
 -120 -118 0
 -119 -118 0
 127 128 129 130 131 132 133 134 135 0
 -135 -134 0
 -135 -133 0
 -135 -132 0
 -135 -131 0
 -135 -130 0
 -135 -129 0
 -135 -128 0
 -135 -127 0
 -134 -133 0
 -134 -132 0
 -134 -131 0
 -134 -130 0
 -134 -129 0
 -134 -128 0
 -134 -127 0
 -133 -132 0
 -133 -131 0
 -133 -130 0
 -133 -129 0
 -133 -128 0
 -133 -127 0
 -132 -131 0
 -132 -130 0
 -132 -129 0
 -132 -128 0
 -132 -127 0
 -131 -130 0
 -131 -129 0
 -131 -128 0
 -131 -127 0
 -130 -129 0
 -130 -128 0
 -130 -127 0
 -129 -128 0
 -129 -127 0
 -128 -127 0
 136 137 138 139 140 141 142 143 144 0
 -144 -143 0
 -144 -142 0
 -144 -141 0
 -144 -140 0
 -144 -139 0
 -144 -138 0
 -144 -137 0
 -144 -136 0
 -143 -142 0
 -143 -141 0
 -143 -140 0
 -143 -139 0
 -143 -138 0
 -143 -137 0
 -143 -136 0
 -142 -141 0
 -142 -140 0
 -142 -139 0
 -142 -138 0
 -142 -137 0
 -142 -136 0
 -141 -140 0
 -141 -139 0
 -141 -138 0
 -141 -137 0
 -141 -136 0
 -140 -139 0
 -140 -138 0
 -140 -137 0
 -140 -136 0
 -139 -138 0
 -139 -137 0
 -139 -136 0
 -138 -137 0
 -138 -136 0
 -137 -136 0
 73 74 75 76 77 78 79 80 81 0
 -81 -80 0
 -81 -79 0
 -81 -78 0
 -81 -77 0
 -81 -76 0
 -81 -75 0
 -81 -74 0
 -81 -73 0
 -80 -79 0
 -80 -78 0
 -80 -77 0
 -80 -76 0
 -80 -75 0
 -80 -74 0
 -80 -73 0
 -79 -78 0
 -79 -77 0
 -79 -76 0
 -79 -75 0
 -79 -74 0
 -79 -73 0
 -78 -77 0
 -78 -76 0
 -78 -75 0
 -78 -74 0
 -78 -73 0
 -77 -76 0
 -77 -75 0
 -77 -74 0
 -77 -73 0
 -76 -75 0
 -76 -74 0
 -76 -73 0
 -75 -74 0
 -75 -73 0
 -74 -73 0
 82 83 84 85 86 87 88 89 90 0
 -90 -89 0
 -90 -88 0
 -90 -87 0
 -90 -86 0
 -90 -85 0
 -90 -84 0
 -90 -83 0
 -90 -82 0
 -89 -88 0
 -89 -87 0
 -89 -86 0
 -89 -85 0
 -89 -84 0
 -89 -83 0
 -89 -82 0
 -88 -87 0
 -88 -86 0
 -88 -85 0
 -88 -84 0
 -88 -83 0
 -88 -82 0
 -87 -86 0
 -87 -85 0
 -87 -84 0
 -87 -83 0
 -87 -82 0
 -86 -85 0
 -86 -84 0
 -86 -83 0
 -86 -82 0
 -85 -84 0
 -85 -83 0
 -85 -82 0
 -84 -83 0
 -84 -82 0
 -83 -82 0
 91 92 93 94 95 96 97 98 99 0
 -99 -98 0
 -99 -97 0
 -99 -96 0
 -99 -95 0
 -99 -94 0
 -99 -93 0
 -99 -92 0
 -99 -91 0
 -98 -97 0
 -98 -96 0
 -98 -95 0
 -98 -94 0
 -98 -93 0
 -98 -92 0
 -98 -91 0
 -97 -96 0
 -97 -95 0
 -97 -94 0
 -97 -93 0
 -97 -92 0
 -97 -91 0
 -96 -95 0
 -96 -94 0
 -96 -93 0
 -96 -92 0
 -96 -91 0
 -95 -94 0
 -95 -93 0
 -95 -92 0
 -95 -91 0
 -94 -93 0
 -94 -92 0
 -94 -91 0
 -93 -92 0
 -93 -91 0
 -92 -91 0
 100 101 102 103 104 105 106 107 108 0
 -108 -107 0
 -108 -106 0
 -108 -105 0
 -108 -104 0
 -108 -103 0
 -108 -102 0
 -108 -101 0
 -108 -100 0
 -107 -106 0
 -107 -105 0
 -107 -104 0
 -107 -103 0
 -107 -102 0
 -107 -101 0
 -107 -100 0
 -106 -105 0
 -106 -104 0
 -106 -103 0
 -106 -102 0
 -106 -101 0
 -106 -100 0
 -105 -104 0
 -105 -103 0
 -105 -102 0
 -105 -101 0
 -105 -100 0
 -104 -103 0
 -104 -102 0
 -104 -101 0
 -104 -100 0
 -103 -102 0
 -103 -101 0
 -103 -100 0
 -102 -101 0
 -102 -100 0
 -101 -100 0
 37 38 39 40 41 42 43 44 45 0
 -45 -44 0
 -45 -43 0
 -45 -42 0
 -45 -41 0
 -45 -40 0
 -45 -39 0
 -45 -38 0
 -45 -37 0
 -44 -43 0
 -44 -42 0
 -44 -41 0
 -44 -40 0
 -44 -39 0
 -44 -38 0
 -44 -37 0
 -43 -42 0
 -43 -41 0
 -43 -40 0
 -43 -39 0
 -43 -38 0
 -43 -37 0
 -42 -41 0
 -42 -40 0
 -42 -39 0
 -42 -38 0
 -42 -37 0
 -41 -40 0
 -41 -39 0
 -41 -38 0
 -41 -37 0
 -40 -39 0
 -40 -38 0
 -40 -37 0
 -39 -38 0
 -39 -37 0
 -38 -37 0
 46 47 48 49 50 51 52 53 54 0
 -54 -53 0
 -54 -52 0
 -54 -51 0
 -54 -50 0
 -54 -49 0
 -54 -48 0
 -54 -47 0
 -54 -46 0
 -53 -52 0
 -53 -51 0
 -53 -50 0
 -53 -49 0
 -53 -48 0
 -53 -47 0
 -53 -46 0
 -52 -51 0
 -52 -50 0
 -52 -49 0
 -52 -48 0
 -52 -47 0
 -52 -46 0
 -51 -50 0
 -51 -49 0
 -51 -48 0
 -51 -47 0
 -51 -46 0
 -50 -49 0
 -50 -48 0
 -50 -47 0
 -50 -46 0
 -49 -48 0
 -49 -47 0
 -49 -46 0
 -48 -47 0
 -48 -46 0
 -47 -46 0
 55 56 57 58 59 60 61 62 63 0
 -63 -62 0
 -63 -61 0
 -63 -60 0
 -63 -59 0
 -63 -58 0
 -63 -57 0
 -63 -56 0
 -63 -55 0
 -62 -61 0
 -62 -60 0
 -62 -59 0
 -62 -58 0
 -62 -57 0
 -62 -56 0
 -62 -55 0
 -61 -60 0
 -61 -59 0
 -61 -58 0
 -61 -57 0
 -61 -56 0
 -61 -55 0
 -60 -59 0
 -60 -58 0
 -60 -57 0
 -60 -56 0
 -60 -55 0
 -59 -58 0
 -59 -57 0
 -59 -56 0
 -59 -55 0
 -58 -57 0
 -58 -56 0
 -58 -55 0
 -57 -56 0
 -57 -55 0
 -56 -55 0
 64 65 66 67 68 69 70 71 72 0
 -72 -71 0
 -72 -70 0
 -72 -69 0
 -72 -68 0
 -72 -67 0
 -72 -66 0
 -72 -65 0
 -72 -64 0
 -71 -70 0
 -71 -69 0
 -71 -68 0
 -71 -67 0
 -71 -66 0
 -71 -65 0
 -71 -64 0
 -70 -69 0
 -70 -68 0
 -70 -67 0
 -70 -66 0
 -70 -65 0
 -70 -64 0
 -69 -68 0
 -69 -67 0
 -69 -66 0
 -69 -65 0
 -69 -64 0
 -68 -67 0
 -68 -66 0
 -68 -65 0
 -68 -64 0
 -67 -66 0
 -67 -65 0
 -67 -64 0
 -66 -65 0
 -66 -64 0
 -65 -64 0
 1 2 3 4 5 6 7 8 9 0
 -9 -8 0
 -9 -7 0
 -9 -6 0
 -9 -5 0
 -9 -4 0
 -9 -3 0
 -9 -2 0
 -9 -1 0
 -8 -7 0
 -8 -6 0
 -8 -5 0
 -8 -4 0
 -8 -3 0
 -8 -2 0
 -8 -1 0
 -7 -6 0
 -7 -5 0
 -7 -4 0
 -7 -3 0
 -7 -2 0
 -7 -1 0
 -6 -5 0
 -6 -4 0
 -6 -3 0
 -6 -2 0
 -6 -1 0
 -5 -4 0
 -5 -3 0
 -5 -2 0
 -5 -1 0
 -4 -3 0
 -4 -2 0
 -4 -1 0
 -3 -2 0
 -3 -1 0
 -2 -1 0
 10 11 12 13 14 15 16 17 18 0
 -18 -17 0
 -18 -16 0
 -18 -15 0
 -18 -14 0
 -18 -13 0
 -18 -12 0
 -18 -11 0
 -18 -10 0
 -17 -16 0
 -17 -15 0
 -17 -14 0
 -17 -13 0
 -17 -12 0
 -17 -11 0
 -17 -10 0
 -16 -15 0
 -16 -14 0
 -16 -13 0
 -16 -12 0
 -16 -11 0
 -16 -10 0
 -15 -14 0
 -15 -13 0
 -15 -12 0
 -15 -11 0
 -15 -10 0
 -14 -13 0
 -14 -12 0
 -14 -11 0
 -14 -10 0
 -13 -12 0
 -13 -11 0
 -13 -10 0
 -12 -11 0
 -12 -10 0
 -11 -10 0
 19 20 21 22 23 24 25 26 27 0
 -27 -26 0
 -27 -25 0
 -27 -24 0
 -27 -23 0
 -27 -22 0
 -27 -21 0
 -27 -20 0
 -27 -19 0
 -26 -25 0
 -26 -24 0
 -26 -23 0
 -26 -22 0
 -26 -21 0
 -26 -20 0
 -26 -19 0
 -25 -24 0
 -25 -23 0
 -25 -22 0
 -25 -21 0
 -25 -20 0
 -25 -19 0
 -24 -23 0
 -24 -22 0
 -24 -21 0
 -24 -20 0
 -24 -19 0
 -23 -22 0
 -23 -21 0
 -23 -20 0
 -23 -19 0
 -22 -21 0
 -22 -20 0
 -22 -19 0
 -21 -20 0
 -21 -19 0
 -20 -19 0
 28 29 30 31 32 33 34 35 36 0
 -36 -35 0
 -36 -34 0
 -36 -33 0
 -36 -32 0
 -36 -31 0
 -36 -30 0
 -36 -29 0
 -36 -28 0
 -35 -34 0
 -35 -33 0
 -35 -32 0
 -35 -31 0
 -35 -30 0
 -35 -29 0
 -35 -28 0
 -34 -33 0
 -34 -32 0
 -34 -31 0
 -34 -30 0
 -34 -29 0
 -34 -28 0
 -33 -32 0
 -33 -31 0
 -33 -30 0
 -33 -29 0
 -33 -28 0
 -32 -31 0
 -32 -30 0
 -32 -29 0
 -32 -28 0
 -31 -30 0
 -31 -29 0
 -31 -28 0
 -30 -29 0
 -30 -28 0
 -29 -28 0
 577 -7 -18 -21 -31 0
 -577 7 0
 -577 18 0
 -577 21 0
 -577 31 0
 578 -43 -54 -57 -67 0
 -578 43 0
 -578 54 0
 -578 57 0
 -578 67 0
 579 -79 -90 -93 -103 0
 -579 79 0
 -579 90 0
 -579 93 0
 -579 103 0
 580 -115 -126 -129 -139 0
 -580 115 0
 -580 126 0
 -580 129 0
 -580 139 0
 581 -151 -162 -165 -175 0
 -581 151 0
 -581 162 0
 -581 165 0
 -581 175 0
 582 -187 -198 -201 -211 0
 -582 187 0
 -582 198 0
 -582 201 0
 -582 211 0
 583 -223 -234 -237 -247 0
 -583 223 0
 -583 234 0
 -583 237 0
 -583 247 0
 584 -259 -270 -273 -283 0
 -584 259 0
 -584 270 0
 -584 273 0
 -584 283 0
 585 -295 -306 -309 -319 0
 -585 295 0
 -585 306 0
 -585 309 0
 -585 319 0
 586 -331 -342 -345 -355 0
 -586 331 0
 -586 342 0
 -586 345 0
 -586 355 0
 587 -367 -378 -381 -391 0
 -587 367 0
 -587 378 0
 -587 381 0
 -587 391 0
 588 -403 -414 -417 -427 0
 -588 403 0
 -588 414 0
 -588 417 0
 -588 427 0
 589 -439 -450 -453 -463 0
 -589 439 0
 -589 450 0
 -589 453 0
 -589 463 0
 590 -475 -486 -489 -499 0
 -590 475 0
 -590 486 0
 -590 489 0
 -590 499 0
 591 -511 -522 -525 -535 0
 -591 511 0
 -591 522 0
 -591 525 0
 -591 535 0
 592 -547 -558 -561 -571 0
 -592 547 0
 -592 558 0
 -592 561 0
 -592 571 0
 577 578 579 580 581 582 583 584 585 586 587 588 589 590 591 592 0
 593 -1 -12 -26 -35 0
 -593 1 0
 -593 12 0
 -593 26 0
 -593 35 0
 594 -37 -48 -62 -71 0
 -594 37 0
 -594 48 0
 -594 62 0
 -594 71 0
 595 -73 -84 -98 -107 0
 -595 73 0
 -595 84 0
 -595 98 0
 -595 107 0
 596 -109 -120 -134 -143 0
 -596 109 0
 -596 120 0
 -596 134 0
 -596 143 0
 597 -145 -156 -170 -179 0
 -597 145 0
 -597 156 0
 -597 170 0
 -597 179 0
 598 -181 -192 -206 -215 0
 -598 181 0
 -598 192 0
 -598 206 0
 -598 215 0
 599 -217 -228 -242 -251 0
 -599 217 0
 -599 228 0
 -599 242 0
 -599 251 0
 600 -253 -264 -278 -287 0
 -600 253 0
 -600 264 0
 -600 278 0
 -600 287 0
 601 -289 -300 -314 -323 0
 -601 289 0
 -601 300 0
 -601 314 0
 -601 323 0
 602 -325 -336 -350 -359 0
 -602 325 0
 -602 336 0
 -602 350 0
 -602 359 0
 603 -361 -372 -386 -395 0
 -603 361 0
 -603 372 0
 -603 386 0
 -603 395 0
 604 -397 -408 -422 -431 0
 -604 397 0
 -604 408 0
 -604 422 0
 -604 431 0
 605 -433 -444 -458 -467 0
 -605 433 0
 -605 444 0
 -605 458 0
 -605 467 0
 606 -469 -480 -494 -503 0
 -606 469 0
 -606 480 0
 -606 494 0
 -606 503 0
 607 -505 -516 -530 -539 0
 -607 505 0
 -607 516 0
 -607 530 0
 -607 539 0
 608 -541 -552 -566 -575 0
 -608 541 0
 -608 552 0
 -608 566 0
 -608 575 0
 593 594 595 596 597 598 599 600 601 602 603 604 605 606 607 608 0
 609 -4 -11 -21 -35 0
 -609 4 0
 -609 11 0
 -609 21 0
 -609 35 0
 610 -40 -47 -57 -71 0
 -610 40 0
 -610 47 0
 -610 57 0
 -610 71 0
 611 -76 -83 -93 -107 0
 -611 76 0
 -611 83 0
 -611 93 0
 -611 107 0
 612 -112 -119 -129 -143 0
 -612 112 0
 -612 119 0
 -612 129 0
 -612 143 0
 613 -148 -155 -165 -179 0
 -613 148 0
 -613 155 0
 -613 165 0
 -613 179 0
 614 -184 -191 -201 -215 0
 -614 184 0
 -614 191 0
 -614 201 0
 -614 215 0
 615 -220 -227 -237 -251 0
 -615 220 0
 -615 227 0
 -615 237 0
 -615 251 0
 616 -256 -263 -273 -287 0
 -616 256 0
 -616 263 0
 -616 273 0
 -616 287 0
 617 -292 -299 -309 -323 0
 -617 292 0
 -617 299 0
 -617 309 0
 -617 323 0
 618 -328 -335 -345 -359 0
 -618 328 0
 -618 335 0
 -618 345 0
 -618 359 0
 619 -364 -371 -381 -395 0
 -619 364 0
 -619 371 0
 -619 381 0
 -619 395 0
 620 -400 -407 -417 -431 0
 -620 400 0
 -620 407 0
 -620 417 0
 -620 431 0
 621 -436 -443 -453 -467 0
 -621 436 0
 -621 443 0
 -621 453 0
 -621 467 0
 622 -472 -479 -489 -503 0
 -622 472 0
 -622 479 0
 -622 489 0
 -622 503 0
 623 -508 -515 -525 -539 0
 -623 508 0
 -623 515 0
 -623 525 0
 -623 539 0
 624 -544 -551 -561 -575 0
 -624 544 0
 -624 551 0
 -624 561 0
 -624 575 0
 609 610 611 612 613 614 615 616 617 618 619 620 621 622 623 624 0
 625 -8 -10 -20 -34 0
 -625 8 0
 -625 10 0
 -625 20 0
 -625 34 0
 626 -44 -46 -56 -70 0
 -626 44 0
 -626 46 0
 -626 56 0
 -626 70 0
 627 -80 -82 -92 -106 0
 -627 80 0
 -627 82 0
 -627 92 0
 -627 106 0
 628 -116 -118 -128 -142 0
 -628 116 0
 -628 118 0
 -628 128 0
 -628 142 0
 629 -152 -154 -164 -178 0
 -629 152 0
 -629 154 0
 -629 164 0
 -629 178 0
 630 -188 -190 -200 -214 0
 -630 188 0
 -630 190 0
 -630 200 0
 -630 214 0
 631 -224 -226 -236 -250 0
 -631 224 0
 -631 226 0
 -631 236 0
 -631 250 0
 632 -260 -262 -272 -286 0
 -632 260 0
 -632 262 0
 -632 272 0
 -632 286 0
 633 -296 -298 -308 -322 0
 -633 296 0
 -633 298 0
 -633 308 0
 -633 322 0
 634 -332 -334 -344 -358 0
 -634 332 0
 -634 334 0
 -634 344 0
 -634 358 0
 635 -368 -370 -380 -394 0
 -635 368 0
 -635 370 0
 -635 380 0
 -635 394 0
 636 -404 -406 -416 -430 0
 -636 404 0
 -636 406 0
 -636 416 0
 -636 430 0
 637 -440 -442 -452 -466 0
 -637 440 0
 -637 442 0
 -637 452 0
 -637 466 0
 638 -476 -478 -488 -502 0
 -638 476 0
 -638 478 0
 -638 488 0
 -638 502 0
 639 -512 -514 -524 -538 0
 -639 512 0
 -639 514 0
 -639 524 0
 -639 538 0
 640 -548 -550 -560 -574 0
 -640 548 0
 -640 550 0
 -640 560 0
 -640 574 0
 625 626 627 628 629 630 631 632 633 634 635 636 637 638 639 640 0
 641 -5 -17 -22 -30 0
 -641 5 0
 -641 17 0
 -641 22 0
 -641 30 0
 642 -41 -53 -58 -66 0
 -642 41 0
 -642 53 0
 -642 58 0
 -642 66 0
 643 -77 -89 -94 -102 0
 -643 77 0
 -643 89 0
 -643 94 0
 -643 102 0
 644 -113 -125 -130 -138 0
 -644 113 0
 -644 125 0
 -644 130 0
 -644 138 0
 645 -149 -161 -166 -174 0
 -645 149 0
 -645 161 0
 -645 166 0
 -645 174 0
 646 -185 -197 -202 -210 0
 -646 185 0
 -646 197 0
 -646 202 0
 -646 210 0
 647 -221 -233 -238 -246 0
 -647 221 0
 -647 233 0
 -647 238 0
 -647 246 0
 648 -257 -269 -274 -282 0
 -648 257 0
 -648 269 0
 -648 274 0
 -648 282 0
 649 -293 -305 -310 -318 0
 -649 293 0
 -649 305 0
 -649 310 0
 -649 318 0
 650 -329 -341 -346 -354 0
 -650 329 0
 -650 341 0
 -650 346 0
 -650 354 0
 651 -365 -377 -382 -390 0
 -651 365 0
 -651 377 0
 -651 382 0
 -651 390 0
 652 -401 -413 -418 -426 0
 -652 401 0
 -652 413 0
 -652 418 0
 -652 426 0
 653 -437 -449 -454 -462 0
 -653 437 0
 -653 449 0
 -653 454 0
 -653 462 0
 654 -473 -485 -490 -498 0
 -654 473 0
 -654 485 0
 -654 490 0
 -654 498 0
 655 -509 -521 -526 -534 0
 -655 509 0
 -655 521 0
 -655 526 0
 -655 534 0
 656 -545 -557 -562 -570 0
 -656 545 0
 -656 557 0
 -656 562 0
 -656 570 0
 641 642 643 644 645 646 647 648 649 650 651 652 653 654 655 656 0
 657 -1 -16 -26 -30 0
 -657 1 0
 -657 16 0
 -657 26 0
 -657 30 0
 658 -37 -52 -62 -66 0
 -658 37 0
 -658 52 0
 -658 62 0
 -658 66 0
 659 -73 -88 -98 -102 0
 -659 73 0
 -659 88 0
 -659 98 0
 -659 102 0
 660 -109 -124 -134 -138 0
 -660 109 0
 -660 124 0
 -660 134 0
 -660 138 0
 661 -145 -160 -170 -174 0
 -661 145 0
 -661 160 0
 -661 170 0
 -661 174 0
 662 -181 -196 -206 -210 0
 -662 181 0
 -662 196 0
 -662 206 0
 -662 210 0
 663 -217 -232 -242 -246 0
 -663 217 0
 -663 232 0
 -663 242 0
 -663 246 0
 664 -253 -268 -278 -282 0
 -664 253 0
 -664 268 0
 -664 278 0
 -664 282 0
 665 -289 -304 -314 -318 0
 -665 289 0
 -665 304 0
 -665 314 0
 -665 318 0
 666 -325 -340 -350 -354 0
 -666 325 0
 -666 340 0
 -666 350 0
 -666 354 0
 667 -361 -376 -386 -390 0
 -667 361 0
 -667 376 0
 -667 386 0
 -667 390 0
 668 -397 -412 -422 -426 0
 -668 397 0
 -668 412 0
 -668 422 0
 -668 426 0
 669 -433 -448 -458 -462 0
 -669 433 0
 -669 448 0
 -669 458 0
 -669 462 0
 670 -469 -484 -494 -498 0
 -670 469 0
 -670 484 0
 -670 494 0
 -670 498 0
 671 -505 -520 -530 -534 0
 -671 505 0
 -671 520 0
 -671 530 0
 -671 534 0
 672 -541 -556 -566 -570 0
 -672 541 0
 -672 556 0
 -672 566 0
 -672 570 0
 657 658 659 660 661 662 663 664 665 666 667 668 669 670 671 672 0
 673 -1 -16 -27 -36 0
 -673 1 0
 -673 16 0
 -673 27 0
 -673 36 0
 674 -37 -52 -63 -72 0
 -674 37 0
 -674 52 0
 -674 63 0
 -674 72 0
 675 -73 -88 -99 -108 0
 -675 73 0
 -675 88 0
 -675 99 0
 -675 108 0
 676 -109 -124 -135 -144 0
 -676 109 0
 -676 124 0
 -676 135 0
 -676 144 0
 677 -145 -160 -171 -180 0
 -677 145 0
 -677 160 0
 -677 171 0
 -677 180 0
 678 -181 -196 -207 -216 0
 -678 181 0
 -678 196 0
 -678 207 0
 -678 216 0
 679 -217 -232 -243 -252 0
 -679 217 0
 -679 232 0
 -679 243 0
 -679 252 0
 680 -253 -268 -279 -288 0
 -680 253 0
 -680 268 0
 -680 279 0
 -680 288 0
 681 -289 -304 -315 -324 0
 -681 289 0
 -681 304 0
 -681 315 0
 -681 324 0
 682 -325 -340 -351 -360 0
 -682 325 0
 -682 340 0
 -682 351 0
 -682 360 0
 683 -361 -376 -387 -396 0
 -683 361 0
 -683 376 0
 -683 387 0
 -683 396 0
 684 -397 -412 -423 -432 0
 -684 397 0
 -684 412 0
 -684 423 0
 -684 432 0
 685 -433 -448 -459 -468 0
 -685 433 0
 -685 448 0
 -685 459 0
 -685 468 0
 686 -469 -484 -495 -504 0
 -686 469 0
 -686 484 0
 -686 495 0
 -686 504 0
 687 -505 -520 -531 -540 0
 -687 505 0
 -687 520 0
 -687 531 0
 -687 540 0
 688 -541 -556 -567 -576 0
 -688 541 0
 -688 556 0
 -688 567 0
 -688 576 0
 673 674 675 676 677 678 679 680 681 682 683 684 685 686 687 688 0
 689 -6 -17 -21 -33 0
 -689 6 0
 -689 17 0
 -689 21 0
 -689 33 0
 690 -42 -53 -57 -69 0
 -690 42 0
 -690 53 0
 -690 57 0
 -690 69 0
 691 -78 -89 -93 -105 0
 -691 78 0
 -691 89 0
 -691 93 0
 -691 105 0
 692 -114 -125 -129 -141 0
 -692 114 0
 -692 125 0
 -692 129 0
 -692 141 0
 693 -150 -161 -165 -177 0
 -693 150 0
 -693 161 0
 -693 165 0
 -693 177 0
 694 -186 -197 -201 -213 0
 -694 186 0
 -694 197 0
 -694 201 0
 -694 213 0
 695 -222 -233 -237 -249 0
 -695 222 0
 -695 233 0
 -695 237 0
 -695 249 0
 696 -258 -269 -273 -285 0
 -696 258 0
 -696 269 0
 -696 273 0
 -696 285 0
 697 -294 -305 -309 -321 0
 -697 294 0
 -697 305 0
 -697 309 0
 -697 321 0
 698 -330 -341 -345 -357 0
 -698 330 0
 -698 341 0
 -698 345 0
 -698 357 0
 699 -366 -377 -381 -393 0
 -699 366 0
 -699 377 0
 -699 381 0
 -699 393 0
 700 -402 -413 -417 -429 0
 -700 402 0
 -700 413 0
 -700 417 0
 -700 429 0
 701 -438 -449 -453 -465 0
 -701 438 0
 -701 449 0
 -701 453 0
 -701 465 0
 702 -474 -485 -489 -501 0
 -702 474 0
 -702 485 0
 -702 489 0
 -702 501 0
 703 -510 -521 -525 -537 0
 -703 510 0
 -703 521 0
 -703 525 0
 -703 537 0
 704 -546 -557 -561 -573 0
 -704 546 0
 -704 557 0
 -704 561 0
 -704 573 0
 689 690 691 692 693 694 695 696 697 698 699 700 701 702 703 704 0
 705 -1 -10 -27 -31 0
 -705 1 0
 -705 10 0
 -705 27 0
 -705 31 0
 706 -37 -46 -63 -67 0
 -706 37 0
 -706 46 0
 -706 63 0
 -706 67 0
 707 -73 -82 -99 -103 0
 -707 73 0
 -707 82 0
 -707 99 0
 -707 103 0
 708 -109 -118 -135 -139 0
 -708 109 0
 -708 118 0
 -708 135 0
 -708 139 0
 709 -145 -154 -171 -175 0
 -709 145 0
 -709 154 0
 -709 171 0
 -709 175 0
 710 -181 -190 -207 -211 0
 -710 181 0
 -710 190 0
 -710 207 0
 -710 211 0
 711 -217 -226 -243 -247 0
 -711 217 0
 -711 226 0
 -711 243 0
 -711 247 0
 712 -253 -262 -279 -283 0
 -712 253 0
 -712 262 0
 -712 279 0
 -712 283 0
 713 -289 -298 -315 -319 0
 -713 289 0
 -713 298 0
 -713 315 0
 -713 319 0
 714 -325 -334 -351 -355 0
 -714 325 0
 -714 334 0
 -714 351 0
 -714 355 0
 715 -361 -370 -387 -391 0
 -715 361 0
 -715 370 0
 -715 387 0
 -715 391 0
 716 -397 -406 -423 -427 0
 -716 397 0
 -716 406 0
 -716 423 0
 -716 427 0
 717 -433 -442 -459 -463 0
 -717 433 0
 -717 442 0
 -717 459 0
 -717 463 0
 718 -469 -478 -495 -499 0
 -718 469 0
 -718 478 0
 -718 495 0
 -718 499 0
 719 -505 -514 -531 -535 0
 -719 505 0
 -719 514 0
 -719 531 0
 -719 535 0
 720 -541 -550 -567 -571 0
 -720 541 0
 -720 550 0
 -720 567 0
 -720 571 0
 705 706 707 708 709 710 711 712 713 714 715 716 717 718 719 720 0
 721 -7 -16 -26 -31 0
 -721 7 0
 -721 16 0
 -721 26 0
 -721 31 0
 722 -43 -52 -62 -67 0
 -722 43 0
 -722 52 0
 -722 62 0
 -722 67 0
 723 -79 -88 -98 -103 0
 -723 79 0
 -723 88 0
 -723 98 0
 -723 103 0
 724 -115 -124 -134 -139 0
 -724 115 0
 -724 124 0
 -724 134 0
 -724 139 0
 725 -151 -160 -170 -175 0
 -725 151 0
 -725 160 0
 -725 170 0
 -725 175 0
 726 -187 -196 -206 -211 0
 -726 187 0
 -726 196 0
 -726 206 0
 -726 211 0
 727 -223 -232 -242 -247 0
 -727 223 0
 -727 232 0
 -727 242 0
 -727 247 0
 728 -259 -268 -278 -283 0
 -728 259 0
 -728 268 0
 -728 278 0
 -728 283 0
 729 -295 -304 -314 -319 0
 -729 295 0
 -729 304 0
 -729 314 0
 -729 319 0
 730 -331 -340 -350 -355 0
 -730 331 0
 -730 340 0
 -730 350 0
 -730 355 0
 731 -367 -376 -386 -391 0
 -731 367 0
 -731 376 0
 -731 386 0
 -731 391 0
 732 -403 -412 -422 -427 0
 -732 403 0
 -732 412 0
 -732 422 0
 -732 427 0
 733 -439 -448 -458 -463 0
 -733 439 0
 -733 448 0
 -733 458 0
 -733 463 0
 734 -475 -484 -494 -499 0
 -734 475 0
 -734 484 0
 -734 494 0
 -734 499 0
 735 -511 -520 -530 -535 0
 -735 511 0
 -735 520 0
 -735 530 0
 -735 535 0
 736 -547 -556 -566 -571 0
 -736 547 0
 -736 556 0
 -736 566 0
 -736 571 0
 721 722 723 724 725 726 727 728 729 730 731 732 733 734 735 736 0
 737 -7 -13 -25 -29 0
 -737 7 0
 -737 13 0
 -737 25 0
 -737 29 0
 738 -43 -49 -61 -65 0
 -738 43 0
 -738 49 0
 -738 61 0
 -738 65 0
 739 -79 -85 -97 -101 0
 -739 79 0
 -739 85 0
 -739 97 0
 -739 101 0
 740 -115 -121 -133 -137 0
 -740 115 0
 -740 121 0
 -740 133 0
 -740 137 0
 741 -151 -157 -169 -173 0
 -741 151 0
 -741 157 0
 -741 169 0
 -741 173 0
 742 -187 -193 -205 -209 0
 -742 187 0
 -742 193 0
 -742 205 0
 -742 209 0
 743 -223 -229 -241 -245 0
 -743 223 0
 -743 229 0
 -743 241 0
 -743 245 0
 744 -259 -265 -277 -281 0
 -744 259 0
 -744 265 0
 -744 277 0
 -744 281 0
 745 -295 -301 -313 -317 0
 -745 295 0
 -745 301 0
 -745 313 0
 -745 317 0
 746 -331 -337 -349 -353 0
 -746 331 0
 -746 337 0
 -746 349 0
 -746 353 0
 747 -367 -373 -385 -389 0
 -747 367 0
 -747 373 0
 -747 385 0
 -747 389 0
 748 -403 -409 -421 -425 0
 -748 403 0
 -748 409 0
 -748 421 0
 -748 425 0
 749 -439 -445 -457 -461 0
 -749 439 0
 -749 445 0
 -749 457 0
 -749 461 0
 750 -475 -481 -493 -497 0
 -750 475 0
 -750 481 0
 -750 493 0
 -750 497 0
 751 -511 -517 -529 -533 0
 -751 511 0
 -751 517 0
 -751 529 0
 -751 533 0
 752 -547 -553 -565 -569 0
 -752 547 0
 -752 553 0
 -752 565 0
 -752 569 0
 737 738 739 740 741 742 743 744 745 746 747 748 749 750 751 752 0
 753 -8 -15 -22 -35 0
 -753 8 0
 -753 15 0
 -753 22 0
 -753 35 0
 754 -44 -51 -58 -71 0
 -754 44 0
 -754 51 0
 -754 58 0
 -754 71 0
 755 -80 -87 -94 -107 0
 -755 80 0
 -755 87 0
 -755 94 0
 -755 107 0
 756 -116 -123 -130 -143 0
 -756 116 0
 -756 123 0
 -756 130 0
 -756 143 0
 757 -152 -159 -166 -179 0
 -757 152 0
 -757 159 0
 -757 166 0
 -757 179 0
 758 -188 -195 -202 -215 0
 -758 188 0
 -758 195 0
 -758 202 0
 -758 215 0
 759 -224 -231 -238 -251 0
 -759 224 0
 -759 231 0
 -759 238 0
 -759 251 0
 760 -260 -267 -274 -287 0
 -760 260 0
 -760 267 0
 -760 274 0
 -760 287 0
 761 -296 -303 -310 -323 0
 -761 296 0
 -761 303 0
 -761 310 0
 -761 323 0
 762 -332 -339 -346 -359 0
 -762 332 0
 -762 339 0
 -762 346 0
 -762 359 0
 763 -368 -375 -382 -395 0
 -763 368 0
 -763 375 0
 -763 382 0
 -763 395 0
 764 -404 -411 -418 -431 0
 -764 404 0
 -764 411 0
 -764 418 0
 -764 431 0
 765 -440 -447 -454 -467 0
 -765 440 0
 -765 447 0
 -765 454 0
 -765 467 0
 766 -476 -483 -490 -503 0
 -766 476 0
 -766 483 0
 -766 490 0
 -766 503 0
 767 -512 -519 -526 -539 0
 -767 512 0
 -767 519 0
 -767 526 0
 -767 539 0
 768 -548 -555 -562 -575 0
 -768 548 0
 -768 555 0
 -768 562 0
 -768 575 0
 753 754 755 756 757 758 759 760 761 762 763 764 765 766 767 768 0
 769 -1 -17 -27 -36 0
 -769 1 0
 -769 17 0
 -769 27 0
 -769 36 0
 770 -37 -53 -63 -72 0
 -770 37 0
 -770 53 0
 -770 63 0
 -770 72 0
 771 -73 -89 -99 -108 0
 -771 73 0
 -771 89 0
 -771 99 0
 -771 108 0
 772 -109 -125 -135 -144 0
 -772 109 0
 -772 125 0
 -772 135 0
 -772 144 0
 773 -145 -161 -171 -180 0
 -773 145 0
 -773 161 0
 -773 171 0
 -773 180 0
 774 -181 -197 -207 -216 0
 -774 181 0
 -774 197 0
 -774 207 0
 -774 216 0
 775 -217 -233 -243 -252 0
 -775 217 0
 -775 233 0
 -775 243 0
 -775 252 0
 776 -253 -269 -279 -288 0
 -776 253 0
 -776 269 0
 -776 279 0
 -776 288 0
 777 -289 -305 -315 -324 0
 -777 289 0
 -777 305 0
 -777 315 0
 -777 324 0
 778 -325 -341 -351 -360 0
 -778 325 0
 -778 341 0
 -778 351 0
 -778 360 0
 779 -361 -377 -387 -396 0
 -779 361 0
 -779 377 0
 -779 387 0
 -779 396 0
 780 -397 -413 -423 -432 0
 -780 397 0
 -780 413 0
 -780 423 0
 -780 432 0
 781 -433 -449 -459 -468 0
 -781 433 0
 -781 449 0
 -781 459 0
 -781 468 0
 782 -469 -485 -495 -504 0
 -782 469 0
 -782 485 0
 -782 495 0
 -782 504 0
 783 -505 -521 -531 -540 0
 -783 505 0
 -783 521 0
 -783 531 0
 -783 540 0
 784 -541 -557 -567 -576 0
 -784 541 0
 -784 557 0
 -784 567 0
 -784 576 0
 769 770 771 772 773 774 775 776 777 778 779 780 781 782 783 784 0
 785 -9 -16 -20 -34 0
 -785 9 0
 -785 16 0
 -785 20 0
 -785 34 0
 786 -45 -52 -56 -70 0
 -786 45 0
 -786 52 0
 -786 56 0
 -786 70 0
 787 -81 -88 -92 -106 0
 -787 81 0
 -787 88 0
 -787 92 0
 -787 106 0
 788 -117 -124 -128 -142 0
 -788 117 0
 -788 124 0
 -788 128 0
 -788 142 0
 789 -153 -160 -164 -178 0
 -789 153 0
 -789 160 0
 -789 164 0
 -789 178 0
 790 -189 -196 -200 -214 0
 -790 189 0
 -790 196 0
 -790 200 0
 -790 214 0
 791 -225 -232 -236 -250 0
 -791 225 0
 -791 232 0
 -791 236 0
 -791 250 0
 792 -261 -268 -272 -286 0
 -792 261 0
 -792 268 0
 -792 272 0
 -792 286 0
 793 -297 -304 -308 -322 0
 -793 297 0
 -793 304 0
 -793 308 0
 -793 322 0
 794 -333 -340 -344 -358 0
 -794 333 0
 -794 340 0
 -794 344 0
 -794 358 0
 795 -369 -376 -380 -394 0
 -795 369 0
 -795 376 0
 -795 380 0
 -795 394 0
 796 -405 -412 -416 -430 0
 -796 405 0
 -796 412 0
 -796 416 0
 -796 430 0
 797 -441 -448 -452 -466 0
 -797 441 0
 -797 448 0
 -797 452 0
 -797 466 0
 798 -477 -484 -488 -502 0
 -798 477 0
 -798 484 0
 -798 488 0
 -798 502 0
 799 -513 -520 -524 -538 0
 -799 513 0
 -799 520 0
 -799 524 0
 -799 538 0
 800 -549 -556 -560 -574 0
 -800 549 0
 -800 556 0
 -800 560 0
 -800 574 0
 785 786 787 788 789 790 791 792 793 794 795 796 797 798 799 800 0
 801 -6 -14 -25 -34 0
 -801 6 0
 -801 14 0
 -801 25 0
 -801 34 0
 802 -42 -50 -61 -70 0
 -802 42 0
 -802 50 0
 -802 61 0
 -802 70 0
 803 -78 -86 -97 -106 0
 -803 78 0
 -803 86 0
 -803 97 0
 -803 106 0
 804 -114 -122 -133 -142 0
 -804 114 0
 -804 122 0
 -804 133 0
 -804 142 0
 805 -150 -158 -169 -178 0
 -805 150 0
 -805 158 0
 -805 169 0
 -805 178 0
 806 -186 -194 -205 -214 0
 -806 186 0
 -806 194 0
 -806 205 0
 -806 214 0
 807 -222 -230 -241 -250 0
 -807 222 0
 -807 230 0
 -807 241 0
 -807 250 0
 808 -258 -266 -277 -286 0
 -808 258 0
 -808 266 0
 -808 277 0
 -808 286 0
 809 -294 -302 -313 -322 0
 -809 294 0
 -809 302 0
 -809 313 0
 -809 322 0
 810 -330 -338 -349 -358 0
 -810 330 0
 -810 338 0
 -810 349 0
 -810 358 0
 811 -366 -374 -385 -394 0
 -811 366 0
 -811 374 0
 -811 385 0
 -811 394 0
 812 -402 -410 -421 -430 0
 -812 402 0
 -812 410 0
 -812 421 0
 -812 430 0
 813 -438 -446 -457 -466 0
 -813 438 0
 -813 446 0
 -813 457 0
 -813 466 0
 814 -474 -482 -493 -502 0
 -814 474 0
 -814 482 0
 -814 493 0
 -814 502 0
 815 -510 -518 -529 -538 0
 -815 510 0
 -815 518 0
 -815 529 0
 -815 538 0
 816 -546 -554 -565 -574 0
 -816 546 0
 -816 554 0
 -816 565 0
 -816 574 0
 801 802 803 804 805 806 807 808 809 810 811 812 813 814 815 816 0
 817 -5 -15 -22 -29 0
 -817 5 0
 -817 15 0
 -817 22 0
 -817 29 0
 818 -41 -51 -58 -65 0
 -818 41 0
 -818 51 0
 -818 58 0
 -818 65 0
 819 -77 -87 -94 -101 0
 -819 77 0
 -819 87 0
 -819 94 0
 -819 101 0
 820 -113 -123 -130 -137 0
 -820 113 0
 -820 123 0
 -820 130 0
 -820 137 0
 821 -149 -159 -166 -173 0
 -821 149 0
 -821 159 0
 -821 166 0
 -821 173 0
 822 -185 -195 -202 -209 0
 -822 185 0
 -822 195 0
 -822 202 0
 -822 209 0
 823 -221 -231 -238 -245 0
 -823 221 0
 -823 231 0
 -823 238 0
 -823 245 0
 824 -257 -267 -274 -281 0
 -824 257 0
 -824 267 0
 -824 274 0
 -824 281 0
 825 -293 -303 -310 -317 0
 -825 293 0
 -825 303 0
 -825 310 0
 -825 317 0
 826 -329 -339 -346 -353 0
 -826 329 0
 -826 339 0
 -826 346 0
 -826 353 0
 827 -365 -375 -382 -389 0
 -827 365 0
 -827 375 0
 -827 382 0
 -827 389 0
 828 -401 -411 -418 -425 0
 -828 401 0
 -828 411 0
 -828 418 0
 -828 425 0
 829 -437 -447 -454 -461 0
 -829 437 0
 -829 447 0
 -829 454 0
 -829 461 0
 830 -473 -483 -490 -497 0
 -830 473 0
 -830 483 0
 -830 490 0
 -830 497 0
 831 -509 -519 -526 -533 0
 -831 509 0
 -831 519 0
 -831 526 0
 -831 533 0
 832 -545 -555 -562 -569 0
 -832 545 0
 -832 555 0
 -832 562 0
 -832 569 0
 817 818 819 820 821 822 823 824 825 826 827 828 829 830 831 832 0
